0 0 0 0 0 0 0 0 0 0 0 0 0 0 0 0
0 0 0 0 0 0 0 0 0 6 0 14 0 0 0 0
0 0 0 0 0 0 30 0 0 0 0 0 0 0 0 0
0 4 0 4 0 28 35 0 0 24 0 36 0 0 16 0
0 0 0 0 0 0 0 0 0 0 0 6 0 0 0 0
0 0 0 0 24 30 4 0 0 12 0 0 0 0 8 0
0 0 0 0 0 0 0 0 0 0 0 0 0 0 0 0
0 0 0 0 0 0 5 0 0 0 0 0 0 0 0 0
0 0 0 0 0 0 0 0 0 0 0 12 0 0 0 0
0 0 0 0 0 14 18 0 0 21 0 24 0 0 28 0
0 0 0 0 0 0 0 0 0 0 0 0 0 0 0 0
0 1 0 1 0 7 3 0 0 0 0 4 0 0 0 0
0 0 0 0 0 0 12 0 0 36 0 0 0 0 24 0
14 0 0 0 0 0 15 0 0 0 0 20 0 0 0 0
0 0 0 0 0 0 30 0 0 0 3 0 0 0 0 0
0 0 0 0 28 35 0 0 0 0 0 0 0 0 0 0
