7 6 5 3 6 2 7 5 7 8 8 7 7 5 3 4
4 3 5 3 3 1 3 4 5 5 5 4 4 5 1 3
8 4 7 4 6 1 6 6 7 7 9 7 7 6 3 2
4 2 4 3 5 3 4 2 5 3 5 3 5 4 3 2
4 3 6 2 6 2 5 5 4 3 6 6 4 4 3 3
7 5 6 3 5 2 5 5 6 6 6 5 5 5 3 4
7 4 7 4 9 4 6 6 9 7 9 6 8 5 5 4
4 2 2 2 4 3 4 4 4 5 4 4 5 2 3 3
4 2 4 4 4 1 3 2 4 3 5 2 4 3 3 2
5 4 3 2 5 3 4 3 3 4 4 3 3 4 3 4
6 3 4 3 5 2 4 4 4 5 6 3 5 4 3 1
5 2 5 3 7 3 6 5 6 5 7 7 8 2 4 2
2 2 3 0 4 1 3 4 5 4 3 4 3 1 3 2
8 4 7 4 7 4 5 6 7 6 9 5 6 6 4 4
6 3 6 4 6 2 4 4 4 3 7 3 4 5 4 2
6 3 6 3 6 3 5 4 4 3 5 5 5 5 3 3
