0 0 0 0 0 0 0 0 0 0 0 0 0 0 0 0
0 0 0 0 0 16 0 0 0 0 0 0 0 0 0 28
20 0 0 0 0 0 20 0 0 0 35 15 0 0 35 0
0 0 0 0 0 0 0 0 0 0 0 0 0 0 0 0
0 0 0 0 0 0 8 0 0 0 0 0 0 0 14 0
0 0 0 0 0 0 0 0 0 0 0 0 0 0 0 0
0 0 0 0 0 16 0 0 0 0 0 0 0 0 0 28
0 0 0 0 0 0 0 0 0 0 0 0 0 0 0 0
25 0 4 8 40 0 0 0 35 0 38 0 0 0 0 0
0 0 0 0 0 0 0 0 0 35 0 0 0 0 0 0
0 0 0 0 0 0 0 0 0 0 0 0 0 0 0 0
0 0 0 0 0 0 0 0 0 0 0 0 0 0 0 0
15 0 0 0 24 0 0 0 21 56 21 0 0 0 0 0
30 0 0 0 0 0 0 0 0 0 0 36 0 0 0 0
0 0 0 0 0 0 6 0 0 0 0 0 0 0 0 0
0 0 32 64 0 0 0 0 0 0 24 0 0 0 0 0
