329 261 364 215 214 309 373 401 436 165 295 342 357 310 228 144
226 198 364 201 188 284 277 443 374 274 274 249 259 274 235 160
308 253 449 222 214 331 347 441 503 246 312 321 253 259 284 223
248 293 409 296 259 309 297 464 511 299 305 292 276 286 339 250
401 311 558 262 274 405 415 561 587 346 367 406 352 407 369 267
324 338 470 330 296 402 328 511 544 399 331 397 374 335 308 254
381 349 549 306 262 470 352 565 552 410 377 437 381 410 389 267
266 219 353 166 164 282 366 356 364 111 254 280 252 245 259 135
195 215 314 174 186 252 222 366 362 271 258 248 201 246 317 172
179 164 359 201 185 252 254 436 368 202 314 215 152 179 297 124
242 254 356 194 166 257 264 370 356 215 236 314 207 286 269 198
178 208 273 228 159 204 231 361 367 195 242 228 251 220 233 161
260 293 393 291 197 313 297 457 430 226 306 343 281 273 239 187
311 293 409 261 243 356 338 503 430 297 334 370 320 369 314 183
383 393 536 362 264 469 408 652 586 367 387 478 389 386 414 286
231 296 357 290 231 326 293 365 400 216 229 290 263 209 221 183
