0 0 42 0 0 0 0 0 0 0 49 0 0 0 0 0
0 10 0 0 30 0 0 0 45 0 0 0 0 0 0 0
0 0 0 0 0 0 0 0 0 0 0 0 0 0 0 0
0 0 0 0 0 0 0 0 0 0 0 0 0 0 0 0
0 0 0 0 0 0 0 0 0 0 0 0 0 0 0 0
0 0 0 18 0 0 9 0 24 0 0 0 0 0 0 0
0 5 0 0 0 10 0 0 0 0 0 0 0 0 0 0
0 0 0 72 0 0 8 0 0 0 0 0 0 0 0 0
0 12 0 0 36 0 0 0 54 0 0 0 0 0 0 0
0 9 0 0 0 18 0 0 0 0 0 0 0 0 0 0
0 4 0 0 5 8 0 0 0 0 0 0 0 3 8 0
0 10 0 0 30 0 0 0 45 0 0 0 0 0 0 0
0 0 0 0 0 0 0 0 0 0 0 0 0 0 0 0
0 0 0 72 0 0 8 0 0 0 0 0 0 0 0 0
0 16 0 0 48 0 0 0 72 0 0 0 0 0 0 0
0 0 0 0 0 0 0 0 0 0 0 0 0 0 0 0
