350 284 190 325 296 189 120 246 410 380 319 293 253 297 237 235
372 242 208 316 277 218 146 332 395 381 333 215 243 307 285 230
406 297 185 355 284 181 170 318 369 361 282 330 285 310 235 251
525 377 322 344 362 267 228 466 562 513 391 359 302 405 294 368
316 229 227 198 215 171 129 298 392 406 301 227 238 291 196 219
525 413 318 472 476 329 265 527 553 601 449 393 386 464 392 413
295 155 154 198 182 140 114 242 331 307 259 237 203 256 155 166
366 282 246 391 380 237 172 383 398 420 362 242 292 305 283 296
438 339 333 367 377 280 195 497 504 535 388 354 376 440 326 398
309 236 168 207 255 185 137 284 366 344 261 187 195 253 223 191
304 263 221 258 308 199 137 313 357 381 319 184 215 240 217 242
417 267 240 422 406 274 245 441 489 480 421 333 329 375 319 366
330 241 201 321 285 197 134 291 396 362 337 211 280 309 249 212
470 328 281 381 333 268 204 431 522 440 378 385 338 416 288 386
449 369 296 380 422 281 211 432 510 485 407 319 274 383 323 352
383 280 251 346 354 236 185 374 389 444 321 239 220 271 272 279
