309 380 413 307 295 376 375 248 177 321 257 402 285 219 213 305
305 438 441 283 281 354 293 341 254 253 243 312 274 227 282 206
420 611 620 444 445 606 479 473 344 448 431 522 495 291 376 362
312 361 483 336 321 400 322 329 280 288 241 397 342 219 264 294
262 329 388 273 257 328 292 246 227 223 242 374 297 181 229 216
287 341 394 267 232 318 275 276 247 206 256 305 325 166 275 225
362 473 522 396 322 465 460 336 262 393 302 432 361 241 331 340
373 379 490 342 287 396 309 273 274 319 289 424 404 199 252 305
312 388 482 324 304 357 346 348 261 332 223 445 199 231 247 237
282 361 402 305 313 416 368 309 215 313 297 377 305 186 184 268
321 427 466 302 302 398 308 353 249 326 260 372 295 223 264 184
315 422 438 280 270 381 369 325 253 334 256 380 305 245 277 300
225 290 358 245 223 303 261 257 191 286 184 269 222 162 215 170
313 448 439 367 326 472 393 303 233 311 348 435 383 193 292 268
176 234 312 256 242 283 214 196 184 200 169 323 235 103 165 202
305 317 428 308 256 339 298 275 237 250 257 401 271 173 176 270
