11 9 11 10 13 12 13 10 12 15 15 12 16 13 11 12 11 11 9 14 6 14 12 11 12 8 10 15 9 11 12 13 14 14 10 10 12 12 9 9 18 11 12 7 13 11 8 14 13 18 11 15 14 11 13 14 12 10 14 13 12 10 15 8
12 9 17 12 18 16 12 15 12 14 14 16 16 18 11 9 18 16 12 17 13 15 18 15 17 15 17 16 13 20 17 10 12 17 10 13 14 15 8 16 20 13 11 16 18 11 9 16 11 16 12 13 18 12 13 13 16 15 17 16 13 16 19 10
16 13 19 14 17 15 13 16 17 16 15 17 18 18 13 10 16 18 12 23 13 15 15 13 18 14 19 16 14 21 19 12 18 18 14 18 11 16 7 16 23 18 11 14 18 14 11 17 9 15 12 16 19 14 17 16 18 16 15 16 12 22 20 13
17 17 20 19 21 19 11 18 21 19 14 20 20 25 16 16 19 19 14 23 12 20 20 15 18 15 20 15 22 21 20 14 23 16 16 20 15 18 12 20 25 15 16 17 17 13 15 21 17 17 14 25 17 18 16 17 23 17 13 21 18 20 20 18
15 14 16 14 19 15 14 13 20 16 10 16 15 20 15 12 17 18 12 20 14 16 15 16 14 9 16 13 15 18 19 13 20 15 13 19 15 12 9 16 21 15 15 15 20 12 10 17 11 17 11 21 12 12 16 15 17 16 12 18 14 17 19 11
10 9 13 13 15 13 11 12 12 9 12 12 13 15 12 8 12 13 12 14 7 13 12 9 13 9 13 15 11 12 15 10 13 15 13 13 14 11 10 16 18 11 11 12 13 12 8 11 9 14 10 14 14 12 13 11 14 10 13 13 12 15 15 7
12 15 15 12 16 17 14 12 18 13 11 17 15 18 8 13 19 15 10 16 9 17 17 10 16 12 15 14 16 17 16 13 20 13 14 15 14 13 11 12 18 14 12 12 12 17 9 14 12 15 13 19 15 11 15 16 18 18 9 15 16 17 19 13
18 16 18 15 17 21 13 15 21 21 17 16 20 18 14 18 19 16 15 20 13 18 18 15 21 16 17 15 19 23 19 16 21 21 16 20 15 18 14 20 27 14 16 20 18 16 13 18 15 18 16 20 18 17 18 21 21 18 13 18 14 20 24 17
14 14 17 14 18 19 13 12 19 16 16 14 18 22 15 13 18 20 13 22 15 18 18 15 18 9 13 15 16 19 13 13 20 14 14 16 20 14 14 19 22 15 14 17 17 16 13 18 14 17 18 21 16 13 15 15 16 16 9 15 13 18 24 17
19 18 20 15 21 21 16 19 19 18 16 21 20 23 17 13 24 21 19 22 13 17 17 20 20 16 21 16 20 26 21 15 22 20 19 20 18 23 14 20 22 18 17 20 20 19 13 19 14 16 15 21 17 17 17 21 27 21 15 17 20 24 22 18
19 17 20 18 19 16 13 14 20 17 15 18 17 22 16 10 21 19 15 23 12 14 20 17 16 11 20 16 18 18 21 12 18 18 14 20 14 16 11 16 23 18 13 15 16 13 16 16 13 16 15 18 16 17 15 17 22 20 17 18 15 22 20 15
17 14 19 17 18 17 16 15 19 18 14 19 20 21 15 12 21 21 9 23 11 17 18 15 15 16 21 13 23 22 19 9 20 21 13 21 16 16 12 16 25 15 14 16 17 12 11 19 15 20 13 22 19 13 14 14 20 20 14 20 17 18 22 15
18 18 22 12 17 17 9 16 19 16 16 20 20 21 16 13 17 19 16 16 11 15 17 18 18 14 18 18 17 20 21 15 20 17 15 16 18 18 13 16 18 18 15 15 22 16 15 15 16 18 12 16 17 21 16 17 20 18 20 16 17 19 21 9
14 17 16 11 16 15 11 12 19 13 14 17 15 16 10 12 15 17 14 20 11 14 14 14 15 12 13 15 16 15 16 10 17 16 14 18 13 12 11 13 18 17 13 12 17 12 13 15 13 15 9 15 16 15 14 19 17 18 13 14 10 20 20 14
17 14 17 12 12 18 10 14 19 16 14 18 15 17 12 13 19 18 14 16 15 17 18 15 14 14 14 14 18 17 14 15 18 12 11 14 16 14 10 17 19 15 16 15 15 10 10 18 13 16 13 15 13 13 13 18 18 16 11 18 16 17 17 13
17 20 18 14 18 19 11 14 20 19 14 21 17 19 14 12 17 19 10 19 15 18 21 15 15 16 17 15 18 21 12 13 20 18 11 17 16 12 14 19 22 18 18 16 19 13 12 21 19 17 16 18 17 13 13 18 19 14 12 16 14 17 21 14
13 10 16 13 14 16 12 16 20 13 14 15 16 17 14 13 17 15 12 14 14 18 15 15 16 17 15 15 13 16 18 13 17 15 16 13 14 16 10 15 19 11 14 16 17 14 11 17 12 19 11 16 18 12 19 18 16 16 13 17 16 18 18 10
18 17 19 15 18 17 12 15 19 15 12 17 19 20 16 9 21 18 9 19 13 13 16 13 13 14 19 14 16 18 16 12 23 16 17 17 15 17 14 17 22 14 15 18 17 15 14 15 15 16 14 17 17 16 18 14 15 15 12 17 16 18 20 12
13 18 17 14 19 20 10 20 17 15 13 16 14 20 16 10 21 16 13 14 15 19 19 16 15 14 18 16 15 22 19 13 22 16 16 15 15 20 13 18 18 12 18 18 16 16 13 18 14 16 14 18 16 13 19 19 21 19 14 17 18 15 19 13
12 9 14 8 13 12 8 12 12 13 9 14 12 15 11 10 14 13 9 12 5 11 12 14 10 8 11 14 11 17 15 9 13 12 7 15 14 15 9 13 13 11 10 13 12 9 7 11 11 10 8 9 15 13 8 11 12 14 11 15 9 14 14 9
11 9 14 10 19 14 10 11 13 11 12 13 13 16 12 13 12 15 11 14 10 15 16 13 12 9 11 12 12 16 17 8 14 11 8 14 13 13 9 13 17 14 12 10 13 10 11 14 11 15 11 13 16 12 9 12 15 13 10 18 11 15 14 10
18 15 18 11 13 18 11 12 15 11 11 17 14 18 12 11 18 16 12 13 11 18 16 15 18 12 18 15 15 20 18 10 20 18 14 16 13 15 12 12 21 12 15 15 17 16 17 16 14 18 12 16 15 18 9 14 15 13 16 17 13 16 22 13
11 11 15 14 15 15 10 15 15 17 15 12 14 17 12 9 15 17 11 22 13 17 15 12 15 12 14 15 15 16 17 15 19 16 16 12 15 15 12 16 19 13 12 13 15 13 10 18 14 21 12 18 16 10 15 15 16 12 9 14 15 16 16 12
17 15 24 20 25 21 15 17 21 19 14 21 21 24 20 13 20 19 12 26 20 21 21 14 20 17 19 17 20 22 21 15 25 17 17 21 18 19 11 23 26 18 16 18 23 16 15 28 16 25 16 22 22 14 20 20 21 18 15 21 17 20 25 16
20 18 18 20 19 20 16 17 19 20 16 15 18 23 16 15 19 17 12 21 11 20 18 15 16 15 17 14 20 22 20 10 24 18 13 19 15 19 13 23 25 17 17 16 16 16 13 21 12 20 17 21 19 14 14 16 24 15 13 17 15 20 20 16
17 12 15 14 19 13 14 13 18 18 14 16 19 16 12 10 15 16 10 18 12 20 17 13 17 13 14 17 13 20 19 16 18 15 12 14 14 13 11 12 22 18 13 10 18 14 11 18 13 20 13 17 17 13 15 19 17 13 12 17 15 15 18 12
14 15 18 8 16 15 8 13 16 13 17 15 15 18 12 12 15 17 9 14 8 14 15 15 12 10 15 17 14 16 11 10 15 12 13 13 15 14 12 13 18 11 16 13 13 12 11 16 15 15 14 14 16 13 12 15 17 14 14 14 11 12 17 11
15 15 18 15 14 19 9 11 17 11 13 14 13 18 14 10 18 16 14 20 14 13 19 12 14 10 17 16 15 17 16 13 19 14 13 14 14 14 8 15 18 16 15 14 15 16 12 18 12 17 13 16 13 16 11 12 17 15 14 17 10 19 16 9
16 13 17 13 13 18 17 16 19 16 19 17 16 18 14 13 18 13 9 20 12 16 16 13 15 15 19 13 15 16 19 14 21 16 20 14 14 18 13 21 20 16 13 15 19 15 14 16 10 19 13 17 18 12 15 17 18 14 11 17 14 18 15 12
15 17 17 14 16 17 11 15 14 17 11 20 18 17 14 9 17 11 12 18 15 13 17 12 16 12 17 15 14 20 14 8 18 17 14 17 16 13 11 15 17 15 11 16 18 11 13 12 13 14 14 14 15 13 15 15 15 19 16 13 11 20 22 12
17 12 17 13 16 16 9 11 15 12 13 13 16 18 17 9 12 15 10 18 10 11 13 16 16 11 13 15 17 16 16 10 18 14 10 16 12 16 11 17 20 14 13 15 18 13 10 15 11 15 9 10 15 12 14 13 15 12 14 14 12 16 17 8
17 16 15 15 16 17 11 14 16 16 10 16 14 17 14 10 19 14 10 16 14 15 20 14 16 9 17 10 19 19 17 9 19 16 10 16 14 15 8 14 20 13 15 15 15 10 10 14 15 14 13 16 12 11 15 13 17 16 12 16 16 15 15 11
16 9 13 11 18 14 13 11 18 12 10 15 15 16 12 10 17 12 10 16 10 19 14 13 14 7 13 11 14 14 17 9 17 14 11 16 13 10 10 13 20 13 9 11 14 13 12 16 10 17 8 13 12 12 12 14 12 16 11 15 11 13 17 10
16 16 20 17 16 15 14 13 17 18 14 16 17 20 10 11 19 18 14 22 13 14 18 15 19 11 15 13 16 18 20 10 17 17 11 17 17 14 8 15 21 18 10 11 16 14 13 17 12 17 13 17 15 13 14 13 19 15 15 13 11 22 22 14
11 12 14 8 10 15 11 15 16 12 12 12 12 16 10 13 15 10 12 15 9 13 13 14 13 7 10 10 11 14 16 11 14 14 13 15 14 15 8 14 16 8 11 12 11 12 10 12 11 13 8 14 10 11 11 13 11 10 9 14 10 15 16 11
12 13 15 13 13 14 11 12 16 17 10 14 16 12 10 9 17 12 10 18 11 11 12 10 13 12 16 15 13 16 14 16 18 17 12 15 16 12 11 15 17 14 12 15 16 9 8 15 10 15 11 16 11 13 10 14 14 13 12 12 12 15 17 9
11 12 13 14 14 16 12 14 12 14 11 13 13 14 11 9 16 9 11 13 11 17 15 9 14 14 14 15 14 12 16 10 15 16 13 12 13 14 11 14 18 11 11 15 12 11 8 12 14 14 13 11 15 11 12 14 14 12 15 16 14 16 14 6
17 16 21 21 21 21 16 22 22 20 19 17 19 27 17 14 23 19 15 25 15 20 19 17 16 18 18 20 17 21 21 16 26 19 22 19 20 25 14 22 24 16 17 21 19 16 15 21 15 19 16 23 20 20 20 19 19 17 18 17 18 23 24 14
6 10 13 11 10 12 5 11 12 12 13 8 11 13 11 7 12 15 8 15 12 11 14 12 8 12 12 12 15 17 8 9 15 11 9 10 11 14 7 12 15 8 15 12 10 7 7 13 12 12 9 16 11 10 11 8 10 9 9 11 12 11 15 11
14 9 11 10 15 13 12 7 11 13 10 15 15 14 12 10 14 14 10 18 11 14 17 8 12 7 13 13 10 18 10 9 14 13 10 16 14 11 9 13 18 11 8 13 11 9 13 10 11 12 12 14 14 13 9 10 13 14 9 13 9 16 17 14
13 13 18 16 18 14 10 14 15 14 15 15 16 20 13 11 16 13 13 19 13 16 17 12 16 10 17 13 19 18 16 10 20 13 13 13 14 15 9 14 19 17 14 14 16 12 10 15 14 16 14 15 16 11 16 16 17 15 15 15 16 18 17 8
13 13 14 12 13 14 10 14 17 13 10 15 11 18 15 9 16 16 10 16 12 16 14 12 8 9 13 11 16 17 15 11 17 11 15 14 15 17 12 17 15 10 19 15 13 10 14 13 13 15 10 18 13 13 10 11 17 14 8 16 17 14 14 14
15 18 19 17 18 18 12 16 19 17 13 19 15 20 15 10 18 16 16 19 12 16 15 16 15 14 17 14 19 20 17 11 17 17 14 18 15 16 12 18 22 18 17 14 16 16 13 17 13 17 15 18 15 15 14 17 21 15 17 13 17 18 27 15
19 10 18 16 17 17 10 13 18 12 15 14 14 18 17 10 15 18 12 17 14 19 18 14 18 14 15 17 15 18 18 15 22 15 15 13 13 14 9 17 22 18 15 13 20 10 15 23 11 23 15 18 15 15 16 15 15 12 14 15 11 15 18 11
15 12 17 11 17 15 13 14 17 13 15 16 16 19 14 11 17 19 13 19 11 15 15 18 15 11 16 13 14 18 15 9 14 17 13 15 11 15 9 14 21 15 13 15 20 15 10 16 9 19 14 15 15 12 13 14 17 15 13 14 13 18 22 14
13 12 17 16 20 15 9 14 17 18 11 17 16 20 16 13 13 12 12 19 12 14 15 10 14 12 16 12 13 18 15 13 17 13 12 18 16 15 9 15 18 14 12 17 14 14 9 17 17 15 11 16 16 13 16 17 17 13 13 13 16 20 20 12
13 15 20 14 21 16 10 15 19 12 11 17 19 19 15 10 15 14 12 18 12 18 18 12 18 13 17 19 16 19 19 16 18 14 14 17 14 17 11 14 22 14 16 14 14 15 12 19 14 17 11 19 18 14 13 17 19 15 13 19 17 17 16 12
14 11 13 12 11 17 14 14 13 15 16 14 16 13 10 9 18 11 9 14 12 17 16 14 14 15 16 14 16 18 16 10 15 17 11 12 13 16 10 16 20 11 13 16 15 11 9 15 11 13 9 11 16 10 10 14 16 13 15 16 11 18 13 10
17 16 18 16 13 13 12 15 14 19 13 17 17 15 14 9 19 14 13 17 12 13 17 14 16 13 18 14 13 19 15 16 17 19 14 16 16 18 13 16 18 16 14 15 16 14 12 14 14 16 14 17 14 14 13 18 19 15 11 16 15 18 20 15
8 8 10 9 13 10 12 7 11 11 9 16 14 11 9 5 17 12 10 15 10 11 13 11 12 7 15 9 11 16 13 7 11 16 12 12 13 8 12 16 16 11 7 15 15 12 12 10 10 12 8 8 13 7 11 13 14 14 11 13 8 15 17 11
17 15 16 12 15 17 10 14 17 16 13 16 14 21 13 13 20 15 14 20 14 14 15 13 10 8 17 12 14 20 19 9 19 14 16 16 14 15 10 19 16 15 14 15 16 13 15 14 11 16 9 14 15 16 14 13 19 18 12 16 8 19 16 12
11 11 16 10 9 16 7 10 13 15 16 12 11 15 12 12 13 15 7 13 10 17 17 13 13 9 11 13 17 15 11 10 16 10 8 11 11 13 7 12 18 12 14 11 14 7 10 16 13 15 12 13 11 10 12 13 13 11 12 15 9 10 13 10
15 15 16 10 16 14 17 13 20 15 15 14 17 22 13 12 19 14 10 21 11 15 14 15 11 8 16 13 14 19 21 10 22 16 16 16 16 16 12 17 18 15 11 15 18 19 13 15 10 17 11 16 19 14 14 15 17 18 12 16 10 18 17 9
12 11 16 11 15 14 12 10 18 14 15 14 18 18 13 11 18 17 10 22 11 11 12 18 12 11 17 13 16 19 16 7 17 14 13 16 12 15 10 11 18 16 11 13 17 14 13 16 10 16 9 16 16 14 11 14 16 16 13 16 10 17 20 13
15 15 20 15 18 19 10 14 21 18 16 18 16 19 14 15 20 18 12 22 13 18 18 14 18 13 18 13 22 18 20 12 21 16 14 15 14 16 14 19 25 18 18 12 19 16 17 18 17 21 17 16 17 16 17 17 21 16 15 20 16 17 23 13
16 11 18 15 14 18 13 13 16 17 13 15 15 19 11 13 20 19 15 18 9 17 16 15 19 14 17 14 17 19 21 14 22 17 15 17 17 17 12 15 22 13 11 15 16 11 16 18 14 18 14 21 15 18 10 12 19 15 13 15 15 19 21 16
13 16 16 14 19 23 12 17 18 17 16 18 20 18 16 9 16 16 11 19 12 19 18 16 14 15 15 22 17 19 16 15 21 17 14 16 13 14 13 17 23 12 18 15 15 15 10 17 16 17 11 16 16 12 21 16 18 18 16 18 17 15 18 10
13 13 15 12 14 17 10 10 19 14 11 16 14 18 13 10 16 15 12 15 11 16 16 15 14 9 14 12 14 24 15 12 17 13 10 16 15 14 9 13 14 17 16 16 15 13 9 18 13 14 12 16 15 13 8 12 17 17 10 14 11 16 16 13
17 12 17 15 19 13 15 14 18 14 17 15 19 20 16 9 19 16 12 19 10 18 16 16 14 12 19 15 17 17 16 12 14 18 16 16 15 16 14 15 24 14 14 13 12 16 13 16 13 15 12 18 15 13 13 18 19 14 12 17 15 16 20 17
13 15 19 10 15 14 8 15 21 15 16 14 18 17 13 9 16 19 11 16 11 15 15 19 14 11 18 17 15 20 15 15 18 16 15 16 13 12 14 16 18 17 13 15 19 13 11 17 12 18 9 16 12 12 16 17 18 19 12 14 11 15 18 12
12 13 15 12 11 18 7 14 8 13 12 10 14 16 10 9 16 14 14 17 8 10 13 12 17 12 13 14 14 15 13 13 18 14 12 11 12 17 10 17 16 12 11 13 12 12 6 11 11 11 13 14 10 12 13 12 15 10 11 13 13 15 15 7
16 14 16 18 18 20 15 14 16 16 12 17 20 18 14 11 20 15 13 19 12 14 17 11 14 15 17 18 16 21 19 14 22 19 14 18 17 14 14 17 22 13 12 17 14 14 13 19 11 16 14 18 16 15 13 17 18 16 15 17 16 20 23 14
22 14 21 17 20 20 12 17 19 21 16 21 19 22 17 17 21 17 14 22 14 19 19 16 17 14 18 16 21 20 17 14 22 16 12 20 14 19 9 19 24 19 18 17 20 10 12 20 18 20 15 18 16 19 16 18 19 18 15 20 16 21 21 15
16 14 19 14 14 19 13 16 17 18 16 16 15 22 13 14 19 19 12 18 9 16 13 17 16 12 19 16 16 20 20 11 21 15 17 17 17 16 11 16 17 15 13 16 20 15 13 15 10 17 12 19 14 16 15 16 20 16 15 13 14 18 23 14
