0 0 0 0 62 24 54 0 12 0 8 0 0 0 15 0 0 54 0 0 0 0 0 54 6 0 2 0 3 0 48 0 72 0 0 8 6 36 0 3 0 108 0 0 0 51 0 0 0 8 0 0 0 1 72 112 0 0 0 8 17 0 0 30
16 18 4 15 0 0 0 18 0 56 0 69 54 23 89 18 0 0 28 108 0 32 21 96 8 4 3 63 0 0 4 31 89 0 81 95 0 58 59 11 48 0 0 77 25 32 0 28 32 2 14 41 15 54 106 0 31 99 0 46 27 0 24 0
0 0 0 0 0 0 0 0 0 0 0 35 0 63 2 0 14 0 0 0 4 3 0 0 32 0 0 0 0 0 16 0 0 14 3 0 56 0 56 21 8 0 0 5 16 32 0 0 0 8 49 0 0 0 20 42 54 0 0 63 56 0 0 0
56 0 0 0 54 12 56 0 126 0 6 4 18 0 96 0 0 0 146 0 0 27 0 64 18 0 16 0 0 18 81 0 98 0 27 0 8 127 15 29 49 89 36 32 0 66 0 0 0 27 0 71 45 63 75 48 45 0 0 13 0 0 0 72
0 0 0 0 54 0 36 0 0 54 0 0 0 72 0 0 72 63 36 0 0 72 0 36 0 0 0 0 63 0 32 27 0 0 27 0 4 24 0 0 18 32 0 0 0 0 0 0 0 0 0 27 0 0 0 32 0 0 0 0 0 36 0 20
0 0 72 15 35 45 0 0 60 20 35 36 0 24 14 45 42 63 14 93 6 94 6 22 72 0 0 0 15 9 36 42 30 18 25 63 0 97 0 17 15 0 49 32 0 0 18 59 15 30 0 10 0 5 0 0 0 0 0 78 25 0 0 18
0 0 0 4 27 0 0 24 0 0 0 0 0 12 27 24 0 0 0 16 0 0 0 0 0 0 4 0 0 0 0 0 0 0 4 0 0 0 0 0 0 36 0 0 0 63 2 0 0 0 0 0 20 18 0 0 0 0 0 6 36 0 32 0
0 31 32 36 38 63 0 0 0 12 0 0 12 0 23 0 0 0 0 0 24 12 6 0 0 0 0 0 12 0 24 0 18 0 48 53 117 0 0 0 0 20 0 22 56 12 18 0 0 0 42 0 0 0 42 0 0 16 7 0 0 0 0 0
0 0 1 3 27 0 48 54 81 0 24 0 0 0 81 0 0 63 0 0 0 71 105 36 0 1 0 0 63 0 0 6 27 0 68 0 54 7 0 0 0 15 72 8 0 12 18 0 45 0 114 4 8 0 35 24 7 18 28 45 0 63 0 99
0 0 70 7 21 42 0 0 0 12 0 18 0 44 23 0 16 6 20 65 0 40 37 23 0 0 0 0 14 0 42 6 59 0 6 45 0 56 9 2 16 22 42 61 0 30 8 30 12 35 0 16 0 10 0 5 0 0 0 6 0 8 0 0
0 0 0 19 6 0 0 103 12 6 0 42 4 17 0 18 8 3 84 18 0 8 0 56 0 0 3 72 31 0 0 30 0 0 5 0 76 0 6 0 55 0 24 14 0 6 64 72 8 18 42 3 24 18 0 36 36 0 6 61 75 4 24 0
0 6 48 27 9 0 0 0 16 73 0 24 18 16 24 0 0 0 0 0 0 0 48 64 40 0 0 72 41 0 0 36 39 0 27 66 0 32 0 0 0 23 0 0 24 0 1 0 0 52 16 0 12 8 0 4 0 24 8 0 16 0 0 0
0 2 16 0 12 84 0 0 0 8 0 10 6 32 46 0 0 0 35 0 0 32 0 0 0 0 20 56 0 0 0 0 9 0 9 33 74 0 0 0 0 0 40 6 48 0 0 0 0 0 0 0 0 56 36 0 0 8 6 0 0 0 16 0
0 0 5 0 0 0 0 30 45 0 0 55 0 0 45 0 0 70 0 25 0 60 0 0 0 0 0 0 0 5 0 0 0 40 0 35 0 117 0 0 0 0 40 0 0 0 0 0 0 0 89 0 0 8 0 42 42 0 64 93 56 35 0 0
0 0 36 0 0 0 156 0 0 0 0 20 0 0 0 0 0 45 32 0 0 0 0 45 0 0 9 0 0 0 40 8 30 0 0 16 5 30 40 0 0 40 0 56 0 0 0 32 0 0 28 9 8 0 72 64 24 0 0 68 32 0 0 25
0 0 54 0 18 0 36 0 0 0 0 0 0 27 0 64 78 0 0 72 0 0 9 0 0 0 0 0 32 0 0 0 18 3 18 0 105 0 24 9 0 0 0 78 0 18 27 0 0 0 119 0 6 54 0 0 56 27 0 0 0 0 40 0
0 0 10 0 6 83 54 15 0 0 0 0 56 72 0 0 0 54 0 7 0 0 0 54 32 0 0 0 0 102 64 24 72 0 0 12 33 36 0 0 8 85 0 7 40 32 0 0 0 8 0 0 0 0 63 48 12 0 3 3 0 9 35 65
0 5 26 0 48 0 42 9 0 48 0 20 0 89 0 5 64 60 66 0 0 64 0 36 5 0 0 0 56 30 32 29 0 0 24 10 4 24 35 0 16 35 0 0 7 0 0 20 30 18 0 26 0 10 60 32 0 0 0 20 1 32 18 51
72 30 8 30 57 78 15 0 59 64 33 14 0 80 65 0 64 24 117 0 30 80 40 4 54 0 28 34 156 45 0 96 36 0 71 0 28 85 0 27 79 12 20 0 0 21 0 66 5 48 0 24 24 28 27 0 0 32 32 33 0 52 8 40
0 0 0 4 0 0 0 0 0 0 0 18 0 0 0 0 0 0 24 9 0 24 0 14 0 7 0 18 0 0 0 42 0 49 0 0 18 0 9 0 12 0 48 21 0 9 25 48 12 0 0 0 0 7 0 0 0 0 0 6 0 0 0 0
0 144 60 39 129 60 0 18 49 0 0 0 0 33 24 42 0 0 6 60 88 108 84 34 48 2 66 0 24 0 108 12 70 48 70 37 86 0 56 24 40 20 0 69 0 53 24 0 75 0 56 12 45 8 16 0 23 14 0 64 67 0 24 28
0 0 10 0 18 0 42 0 0 0 0 0 0 18 6 0 4 0 0 0 12 9 9 0 0 0 0 0 0 0 0 0 0 23 27 0 97 0 16 6 0 0 0 10 10 18 27 0 0 0 63 0 7 0 0 0 0 0 0 0 0 0 0 0
0 0 0 0 5 0 0 0 0 0 1 0 0 0 0 0 0 0 0 0 0 0 0 0 72 0 0 0 0 0 36 0 9 40 18 0 0 72 0 0 18 5 0 9 36 72 0 0 0 18 0 0 0 89 54 8 27 0 64 28 0 0 0 0
0 0 28 0 0 62 0 0 87 28 58 0 14 18 0 0 0 0 30 0 0 0 27 0 51 0 0 0 27 18 8 6 81 10 59 16 0 3 0 0 4 8 0 2 8 16 0 0 0 4 0 0 0 35 10 0 6 45 52 18 24 0 0 27
0 10 45 0 45 0 0 0 81 0 27 0 48 0 30 0 0 0 81 0 0 27 0 0 18 0 0 0 0 0 81 0 126 0 72 45 0 0 0 0 30 72 90 0 45 0 0 0 36 0 0 0 0 69 81 72 0 40 0 9 0 0 18 72
0 0 0 37 24 42 0 12 0 24 0 0 0 38 0 12 32 12 58 8 0 32 0 0 63 2 2 7 28 0 0 24 0 14 28 0 0 0 0 0 8 0 0 0 0 0 0 42 0 0 0 12 10 74 0 0 0 35 0 24 18 16 16 0
0 54 0 0 54 32 0 0 9 54 0 0 14 90 6 0 72 27 36 0 48 96 0 0 0 0 0 0 63 18 48 33 18 0 63 12 0 0 0 0 18 8 0 30 0 0 0 0 0 0 0 27 0 0 0 0 0 0 0 0 9 36 0 0
0 0 79 72 48 0 0 15 45 48 24 0 0 32 16 0 32 12 46 0 0 32 0 0 0 0 0 0 52 30 0 12 0 0 12 8 0 0 0 0 48 45 72 0 5 10 4 0 48 0 0 32 45 8 25 0 45 0 0 0 0 16 54 35
0 0 0 0 0 0 27 0 0 0 0 12 0 0 14 0 0 27 0 6 0 0 0 43 0 0 0 0 0 0 24 0 0 0 16 0 3 34 6 2 8 24 0 22 0 6 0 0 8 0 0 10 0 72 0 24 0 0 0 28 0 0 0 15
0 12 45 7 0 42 15 0 0 0 0 36 0 28 0 0 0 72 28 122 12 45 7 16 0 0 0 0 0 27 50 7 12 0 0 77 1 87 35 0 0 8 0 48 0 0 0 40 0 0 0 0 0 0 63 8 0 0 0 91 0 35 15 5
0 0 19 14 10 0 12 21 0 0 0 0 0 0 63 0 0 0 42 0 0 0 5 121 0 0 0 63 0 42 0 0 0 0 10 0 108 72 0 9 0 7 21 38 5 10 71 63 0 0 35 45 2 0 35 0 0 0 0 0 0 0 42 49
0 0 18 0 0 18 63 0 16 56 0 27 0 14 24 0 0 0 21 0 0 0 39 56 72 0 21 63 32 0 16 36 27 0 0 27 12 24 0 0 8 6 0 4 37 32 0 0 0 53 14 9 12 6 20 3 12 0 8 0 16 0 0 0
0 48 15 9 0 24 24 117 0 0 0 8 0 27 32 72 21 0 28 36 48 0 0 0 21 0 25 0 0 72 0 21 0 0 0 0 16 0 0 0 35 0 0 0 0 0 15 60 0 15 0 0 45 7 0 0 0 0 0 0 81 32 72 9
0 0 52 0 0 0 0 0 90 25 35 0 0 20 0 0 0 0 30 56 0 20 0 0 0 0 0 35 0 0 0 0 14 0 25 0 0 0 0 0 0 0 25 56 0 10 0 0 0 0 0 20 45 77 0 0 45 21 0 0 0 0 10 0
0 8 44 0 22 0 0 0 0 18 26 57 0 80 2 0 16 6 8 0 4 43 80 8 8 0 0 42 86 0 0 6 18 7 73 0 0 8 0 0 4 10 30 1 0 0 0 0 58 0 35 6 0 58 18 46 30 4 32 95 40 8 12 96
0 81 19 33 42 54 0 24 43 0 0 12 6 0 77 6 0 21 146 65 20 115 42 0 0 9 87 0 0 48 16 54 16 12 12 34 44 0 96 0 10 0 24 10 0 0 0 0 10 72 24 44 21 12 72 0 63 6 0 37 6 84 35 0
24 0 21 27 0 9 0 0 98 24 18 9 14 6 0 73 72 0 63 0 6 90 63 24 38 6 0 27 126 0 75 81 36 53 69 0 0 96 0 9 42 21 28 3 21 24 0 0 15 36 62 24 15 56 72 0 107 0 90 63 0 0 40 110
0 45 6 0 0 0 30 0 0 3 0 0 0 75 5 25 14 0 0 0 40 32 32 32 0 0 0 21 0 0 40 0 0 7 30 5 56 0 56 21 0 0 15 25 35 0 0 0 40 0 0 0 0 21 0 0 0 16 0 0 5 0 6 32
0 0 24 0 0 0 85 0 0 0 0 0 0 0 56 0 0 0 0 0 0 0 0 64 15 0 7 0 0 0 0 0 68 0 0 0 0 64 0 8 0 0 0 38 0 0 0 0 0 0 0 47 6 0 0 0 0 0 0 0 6 0 0 0
0 0 5 17 40 0 0 12 0 0 8 0 0 6 0 12 0 0 0 8 0 40 0 0 0 5 2 0 0 0 0 30 72 0 0 0 0 0 0 0 0 40 0 0 0 0 0 0 0 0 0 20 10 0 112 64 35 0 0 8 18 0 16 0
0 0 78 27 9 0 0 0 54 29 35 0 0 0 6 0 0 0 6 0 0 0 54 0 84 3 0 0 9 0 32 18 27 21 25 84 0 72 0 0 16 33 0 8 32 66 0 0 0 79 0 4 9 21 40 9 33 0 0 0 8 0 0 0
0 3 26 2 0 0 56 0 0 7 0 12 0 43 56 0 0 0 6 0 0 28 0 71 3 0 8 58 0 0 0 0 16 0 0 0 9 64 0 8 0 0 38 32 0 0 8 9 18 0 0 48 0 55 0 0 0 0 0 0 0 0 14 6
0 36 0 0 35 0 18 76 0 0 7 0 4 0 10 0 0 0 32 0 56 15 0 0 0 0 0 0 0 54 0 0 63 75 17 0 4 72 0 0 40 35 0 5 0 0 0 36 0 0 0 0 0 25 63 56 0 0 64 10 0 24 0 0
0 0 0 0 0 0 0 2 0 0 0 0 2 0 0 0 0 0 65 0 0 0 0 0 0 0 0 0 0 42 0 0 0 0 0 0 2 0 35 0 0 0 0 0 0 0 0 0 0 63 0 7 0 0 0 0 0 0 0 0 0 0 0 0
0 0 33 12 0 78 0 72 0 3 0 14 0 36 56 30 35 0 49 83 0 28 6 6 35 2 28 21 0 0 36 47 0 0 0 0 28 0 0 0 40 0 15 0 0 0 15 20 0 25 0 8 0 29 16 0 14 0 0 15 0 45 31 15
56 0 8 0 70 0 0 0 0 0 0 0 0 0 0 0 0 0 0 0 0 0 7 0 48 9 0 0 24 0 0 54 46 63 14 0 63 63 0 45 49 0 0 0 0 14 21 0 0 0 49 0 0 17 21 0 0 0 0 7 40 0 0 0
0 0 0 10 6 27 0 0 0 0 0 0 0 0 42 0 0 0 30 97 0 0 24 107 0 0 0 45 0 0 0 0 0 0 0 12 72 48 0 6 0 0 15 27 24 0 40 45 30 0 0 30 0 36 18 0 0 30 3 21 0 63 35 24
0 0 64 92 42 24 0 18 27 24 0 0 0 54 43 0 12 21 24 0 0 21 9 0 92 0 0 4 24 0 28 0 0 6 18 8 129 0 48 18 14 40 24 7 28 74 27 24 0 14 87 0 0 0 35 0 21 20 0 0 0 21 0 0
0 0 6 0 47 35 0 54 81 0 4 24 35 45 108 0 0 105 0 30 0 93 0 0 0 0 0 0 0 51 0 15 81 0 0 42 0 54 0 0 0 76 72 0 0 63 1 0 0 0 72 0 0 0 36 32 0 0 0 40 0 63 0 0
0 0 48 54 63 0 0 27 72 50 65 0 0 0 12 0 0 0 0 0 0 0 0 0 0 0 0 0 18 0 0 0 81 0 40 6 0 0 0 0 15 75 0 0 0 0 0 0 0 0 0 0 0 3 81 72 0 0 0 9 0 0 0 0
0 6 37 15 0 15 3 54 25 0 0 30 0 0 0 15 0 0 0 15 16 35 0 0 35 0 0 0 0 9 0 0 67 30 0 0 0 0 15 0 75 0 0 35 0 15 0 6 45 0 0 0 0 6 0 0 0 0 0 50 14 4 0 0
0 36 0 0 24 0 0 0 0 0 0 40 0 0 0 0 0 0 0 0 0 0 24 0 0 0 36 0 0 0 0 0 0 0 0 16 8 0 32 0 0 0 0 0 0 0 0 0 0 0 56 0 12 0 0 48 48 0 0 72 64 0 0 0
0 0 65 0 0 0 54 27 45 20 35 36 0 0 0 87 49 0 0 18 0 0 0 0 49 0 0 0 0 54 0 49 4 0 25 0 0 0 18 0 24 9 0 58 63 18 21 28 24 35 0 0 0 0 45 0 0 0 0 12 9 0 54 84
72 0 20 0 0 0 18 0 0 0 0 6 0 0 0 0 0 0 12 87 0 0 0 0 14 0 0 0 0 0 0 0 81 4 0 0 0 81 3 27 67 0 0 10 0 3 0 0 4 0 0 0 3 56 27 0 0 39 16 23 0 36 20 0
40 0 8 24 26 36 0 0 0 12 0 12 0 16 48 0 16 6 50 0 0 80 0 0 12 8 24 0 20 0 0 54 20 0 6 0 24 45 0 21 39 0 0 0 0 0 0 0 0 0 0 38 0 2 79 0 56 0 0 5 10 8 0 0
0 0 48 0 12 0 0 12 18 0 0 24 0 0 18 0 0 14 0 12 0 14 78 24 0 0 0 0 0 0 0 0 24 0 26 72 54 64 12 0 16 16 16 28 0 24 18 0 46 56 58 0 0 79 0 8 0 12 0 29 0 14 0 24
0 0 8 0 24 0 0 12 0 24 0 0 0 32 0 0 32 12 18 0 0 36 0 0 40 0 8 0 28 24 0 12 0 0 12 0 0 0 0 0 8 4 7 0 0 64 0 5 0 32 0 12 0 0 20 0 0 0 0 0 16 16 24 28
0 6 0 7 0 0 3 42 0 0 0 0 0 21 0 42 0 0 0 28 6 0 0 0 0 0 7 0 0 9 0 0 0 0 18 0 0 0 0 0 0 0 0 0 0 0 0 6 0 0 0 0 35 81 0 0 0 0 0 27 63 4 56 0
0 0 6 34 12 0 0 0 0 12 0 64 0 16 0 0 16 6 56 12 0 64 20 76 0 6 0 72 14 0 0 42 0 0 6 0 72 0 12 0 20 0 24 28 0 12 65 72 41 0 56 30 0 0 48 48 90 10 0 80 64 8 0 20
0 0 0 45 20 54 0 6 72 0 19 0 6 18 7 0 4 0 150 0 0 0 49 12 81 0 0 9 45 0 0 0 36 2 40 0 22 13 16 7 0 20 0 4 0 16 0 54 5 0 0 37 72 0 36 32 72 47 20 34 0 0 0 49
0 63 0 0 0 60 0 0 6 0 18 16 0 0 71 0 0 0 56 63 56 28 0 0 0 0 32 0 0 0 56 0 0 0 42 11 32 0 0 0 30 0 54 35 0 0 0 0 36 0 0 0 0 6 0 0 0 0 0 27 6 81 63 0
0 24 47 3 0 3 12 0 5 0 0 0 0 0 0 3 0 0 32 0 26 7 24 24 0 8 0 0 0 36 0 56 45 62 0 16 0 0 40 0 5 0 0 40 0 0 0 56 35 0 0 0 0 8 72 0 0 12 0 40 0 16 0 24
48 0 13 0 0 0 63 18 16 0 0 4 0 0 0 0 0 70 0 5 0 5 0 63 0 0 0 0 32 37 56 36 24 0 0 7 7 105 0 18 42 62 0 0 0 0 0 0 0 24 0 0 12 0 48 56 0 0 8 12 0 0 36 77
0 0 0 0 24 0 28 0 0 24 0 0 0 32 0 0 32 12 16 0 0 32 0 0 0 5 4 0 28 0 0 42 8 35 12 0 0 0 0 0 8 0 0 0 0 0 0 0 0 0 0 16 0 5 0 0 0 0 0 0 0 16 0 0
