1370 1549 1447 1309 1415 1410 1449 1512 1312 1316 1416 1339 1271 1298 1697 1378 1341 1252 1284 1369 1301 1400 1244 1424 1213 1110 1380 1382 1174 1252 1451 1515 1413 1396 1544 1505 1279 1674 1321 1616 1488 1302 1286 1500 1247 1563 1524 1271 1374 1378 1597 1276 1589 1301 1487 1303 1303 1288 1660 1423 1327 1429 1259 1510
1192 1488 1287 1192 1121 1280 1277 1340 1274 1260 1393 1230 1121 1127 1626 1462 1337 1251 1353 1130 1215 1244 1026 1365 1148 1070 1198 1265 1186 1206 1197 1348 1406 1363 1525 1374 1105 1524 1271 1430 1412 1222 1095 1305 1249 1545 1370 1116 1322 1336 1296 1181 1479 1197 1354 1212 992 1118 1511 1178 1192 1295 1240 1304
1406 1531 1436 1380 1496 1368 1434 1588 1299 1307 1433 1449 1462 1353 1708 1628 1454 1284 1308 1331 1370 1375 1258 1430 1193 1220 1363 1487 1416 1379 1507 1650 1608 1452 1641 1565 1352 1740 1306 1442 1364 1383 1289 1499 1531 1491 1478 1373 1462 1541 1635 1458 1503 1417 1474 1372 1332 1460 1618 1575 1338 1442 1371 1542
1251 1206 1206 1146 1166 1198 1260 1289 1078 1168 1297 1135 1196 1276 1497 1294 1293 1214 1226 1135 1134 1203 1020 1184 1026 1053 1090 1155 1058 1175 1257 1323 1154 1394 1356 1320 1128 1412 1254 1473 1173 1150 1099 1297 1227 1304 1205 1240 1276 1161 1296 1189 1307 1138 1347 1221 1106 1195 1313 1299 1134 1285 1205 1273
1311 1468 1225 1262 1304 1411 1367 1424 1152 1399 1406 1354 1273 1158 1595 1348 1315 1184 1193 1151 1245 1101 1107 1384 1104 1027 1252 1236 1272 1260 1351 1282 1360 1327 1518 1360 1114 1543 1253 1388 1312 1125 1182 1317 1103 1505 1543 1080 1275 1341 1412 1285 1258 1175 1440 1198 1132 1411 1587 1320 1296 1380 1220 1507
1359 1508 1399 1218 1285 1374 1310 1440 1213 1254 1420 1430 1174 1441 1638 1379 1316 1309 1307 1415 1243 1314 1261 1540 1256 1110 1272 1434 1193 1316 1440 1604 1490 1365 1488 1411 1329 1579 1312 1618 1344 1379 1365 1425 1292 1536 1446 1259 1326 1369 1442 1329 1496 1330 1430 1300 1360 1370 1559 1403 1366 1482 1425 1519
1193 1202 1367 1070 1206 1219 1234 1348 1216 1114 1500 1207 1226 1106 1579 1265 1196 1046 1141 1258 1126 1046 1040 1209 1158 1111 1246 1188 1092 1093 1235 1395 1364 1227 1311 1266 1194 1420 1186 1365 1303 1177 1146 1322 1211 1429 1282 1155 1168 1215 1389 1076 1385 1154 1398 1202 1100 1128 1388 1143 1256 1310 1189 1247
1412 1531 1471 1492 1427 1403 1539 1589 1318 1348 1566 1435 1413 1489 1685 1513 1488 1270 1407 1375 1424 1277 1311 1510 1284 1149 1354 1448 1363 1358 1543 1547 1638 1427 1558 1550 1453 1867 1345 1601 1460 1362 1225 1472 1443 1618 1477 1457 1524 1379 1576 1452 1488 1434 1624 1337 1284 1494 1735 1580 1452 1493 1378 1466
1317 1383 1268 1283 1252 1344 1257 1329 1183 1197 1341 1335 1286 1132 1528 1253 1285 1143 1264 1162 1288 1148 1219 1417 1121 899 1081 1270 1094 1127 1403 1352 1363 1287 1365 1324 1242 1519 1177 1520 1382 1153 1148 1266 1178 1430 1377 1204 1204 1229 1421 1332 1274 1193 1362 1142 1135 1274 1478 1416 1364 1458 1159 1326
1090 1292 1282 937 1216 1204 1086 1380 1104 1104 1343 1300 1073 1145 1374 1253 1133 1171 1082 1188 1029 1050 1059 1244 1112 1021 1175 1262 1148 1019 1170 1327 1453 1137 1312 1264 1005 1418 1165 1351 1234 1171 1147 1162 1147 1311 1293 1186 1107 1279 1289 1115 1281 1223 1237 1146 1073 1138 1288 1252 1309 1174 1199 1328
1386 1393 1228 1345 1218 1358 1477 1446 1195 1249 1407 1369 1202 1306 1533 1415 1300 1123 1443 1402 1221 1308 1296 1432 1266 1070 1283 1340 1222 1239 1433 1431 1442 1298 1566 1488 1286 1654 1263 1553 1338 1233 1305 1390 1309 1560 1369 1272 1428 1411 1453 1188 1489 1323 1499 1226 1246 1338 1561 1446 1299 1471 1289 1501
1403 1389 1482 1350 1300 1482 1525 1568 1426 1367 1467 1455 1304 1258 1876 1436 1485 1271 1423 1283 1314 1267 1253 1392 1195 1119 1205 1344 1187 1220 1353 1463 1468 1324 1470 1440 1240 1652 1354 1664 1467 1347 1350 1399 1280 1490 1588 1244 1419 1312 1464 1230 1537 1382 1424 1231 1259 1431 1596 1408 1469 1417 1378 1669
1306 1426 1316 1316 1151 1244 1450 1486 1277 1327 1410 1402 1127 1322 1569 1481 1334 1063 1214 1436 1221 1254 1230 1381 1126 1161 1392 1372 1202 1202 1499 1385 1528 1183 1604 1328 1276 1638 1342 1432 1408 1277 1293 1440 1196 1541 1475 1252 1407 1231 1439 1203 1542 1363 1558 1236 1159 1266 1367 1367 1315 1474 1195 1462
1202 1418 1383 1189 1312 1362 1262 1413 1283 1310 1328 1362 1228 1287 1602 1390 1303 1259 1271 1239 1195 1311 1165 1371 1186 1190 1318 1190 1208 1216 1392 1448 1414 1300 1410 1303 1224 1583 1210 1510 1348 1273 1121 1388 1230 1439 1472 1257 1323 1376 1492 1385 1390 1210 1465 1216 1158 1255 1510 1293 1256 1348 1284 1395
1197 1355 1418 1273 1410 1312 1344 1437 1236 1253 1420 1368 1307 1253 1648 1510 1276 1229 1290 1250 1312 1202 1232 1353 1169 1159 1296 1361 1267 1198 1416 1570 1412 1324 1435 1357 1199 1617 1280 1475 1457 1303 1249 1360 1343 1535 1473 1346 1342 1303 1431 1257 1443 1308 1397 1211 1224 1354 1549 1432 1242 1433 1312 1482
1187 1295 1103 1024 1179 1179 1143 1236 1100 1212 1313 1207 1070 1033 1389 1256 1144 1076 1147 1208 1108 1178 1090 1304 914 979 1142 1239 1119 1219 1229 1254 1333 1126 1324 1295 1022 1400 1149 1252 1137 1124 1130 1203 1155 1272 1235 1060 1122 1184 1223 1169 1135 1191 1208 1187 1094 1208 1371 1170 1162 1205 1076 1228
1163 1325 1144 1121 1150 1309 1201 1339 1054 1158 1268 1272 1116 997 1499 1329 1212 993 1248 1133 1187 1156 1112 1270 1112 959 1155 1297 1105 1121 1351 1391 1323 1160 1339 1329 1148 1436 1190 1509 1233 1185 1071 1337 1113 1237 1215 1083 1218 1364 1272 1184 1214 1144 1230 1104 1185 1138 1362 1089 1156 1203 1063 1238
1335 1420 1432 1327 1504 1421 1369 1543 1351 1387 1451 1455 1469 1347 1725 1464 1535 1338 1353 1348 1354 1310 1243 1580 1257 1182 1263 1333 1305 1403 1428 1516 1612 1359 1587 1469 1337 1630 1305 1648 1474 1416 1293 1480 1347 1539 1526 1370 1445 1410 1533 1436 1533 1397 1504 1251 1263 1510 1629 1410 1463 1548 1374 1491
1198 1267 1289 1186 1215 1206 1342 1283 1021 1217 1374 1331 1109 1157 1409 1234 1213 1051 1017 1233 1190 962 1120 1249 1132 1028 1116 1147 1135 1136 1258 1272 1537 1180 1391 1237 1014 1485 1131 1211 1279 1210 1157 1235 1141 1465 1383 1116 1204 1190 1288 1197 1239 1240 1295 1199 1106 1268 1361 1205 1283 1315 1237 1451
1124 1240 1086 1154 1069 1150 1198 1153 1107 1148 1315 1229 1085 1034 1273 1191 1139 1006 1065 1030 1090 1030 1004 1102 910 921 1022 1118 1085 981 1170 1239 1321 1088 1229 1156 994 1492 1133 1187 1190 1126 987 1214 1137 1244 1222 1030 1077 1115 1156 1115 1140 1044 1037 999 995 1150 1358 1156 1168 1119 1117 1256
1356 1463 1294 1284 1375 1337 1410 1505 1182 1298 1547 1367 1405 1316 1628 1478 1489 1235 1279 1343 1286 1269 1237 1461 1274 1153 1297 1406 1295 1311 1424 1444 1632 1385 1445 1583 1280 1626 1376 1486 1360 1278 1106 1356 1330 1521 1453 1414 1331 1290 1487 1425 1237 1375 1519 1314 1215 1373 1483 1491 1307 1328 1350 1461
1261 1387 1291 1196 1257 1328 1415 1447 1212 1209 1549 1453 1381 1185 1659 1584 1403 1226 1375 1282 1252 1274 1187 1427 1127 1140 1240 1256 1330 1320 1416 1355 1435 1415 1534 1577 1174 1588 1331 1429 1293 1228 1206 1359 1330 1560 1453 1167 1278 1373 1367 1355 1358 1341 1456 1368 1133 1292 1520 1280 1316 1415 1266 1436
1390 1392 1329 1371 1300 1475 1411 1576 1340 1511 1478 1440 1244 1328 1725 1569 1459 1246 1453 1348 1151 1351 1220 1520 1247 1184 1337 1341 1281 1233 1458 1380 1481 1440 1622 1419 1327 1619 1376 1532 1418 1248 1320 1436 1360 1590 1490 1301 1560 1396 1481 1313 1574 1321 1547 1330 1172 1585 1596 1452 1483 1612 1445 1604
1317 1609 1632 1401 1443 1529 1530 1595 1374 1417 1503 1497 1433 1550 1861 1619 1525 1385 1500 1358 1378 1400 1267 1606 1286 1289 1429 1420 1396 1429 1555 1548 1579 1486 1718 1554 1429 1828 1411 1679 1475 1489 1369 1607 1473 1515 1686 1421 1599 1398 1578 1408 1719 1387 1474 1442 1305 1430 1712 1506 1488 1539 1342 1476
1349 1412 1415 1363 1499 1432 1381 1667 1251 1343 1457 1538 1366 1349 1624 1578 1416 1243 1373 1483 1296 1298 1246 1547 1309 1210 1376 1420 1288 1289 1478 1466 1582 1439 1649 1523 1299 1606 1283 1492 1382 1275 1235 1457 1211 1643 1564 1443 1473 1386 1478 1361 1482 1464 1579 1340 1277 1521 1734 1419 1429 1461 1367 1570
1398 1412 1343 1326 1399 1428 1256 1463 1171 1332 1202 1342 1353 1341 1668 1388 1361 1181 1318 1298 1217 1375 1232 1514 1118 1153 1296 1383 1191 1343 1541 1461 1465 1368 1476 1439 1307 1640 1224 1684 1328 1252 1200 1465 1203 1423 1416 1313 1460 1397 1339 1346 1529 1353 1501 1255 1424 1374 1573 1399 1297 1496 1283 1383
1133 1386 1119 1055 1195 1263 1264 1457 1262 1216 1372 1384 1170 1176 1517 1431 1306 1158 1266 1312 1103 1130 1196 1383 986 1099 1168 1225 1221 1239 1254 1359 1378 1180 1493 1371 1120 1452 1206 1355 1233 1268 1213 1259 1237 1411 1380 1130 1271 1340 1349 1227 1268 1339 1354 1070 1148 1274 1430 1317 1226 1332 1180 1445
1274 1420 1360 1249 1275 1309 1376 1520 1264 1315 1417 1498 1282 1288 1655 1439 1377 1166 1413 1326 1263 1301 1222 1510 1280 1080 1214 1408 1332 1224 1349 1394 1543 1179 1625 1470 1272 1601 1282 1467 1381 1392 1255 1436 1371 1456 1488 1279 1374 1274 1483 1298 1498 1374 1439 1261 1170 1358 1435 1440 1356 1420 1260 1446
1292 1172 1252 1237 1192 1130 1193 1322 1127 1144 1257 1279 1202 1171 1457 1333 1208 1071 1190 1169 1146 1165 1098 1270 989 1018 1140 1258 1182 1193 1320 1279 1470 1218 1475 1273 1124 1445 1065 1469 1155 1128 1073 1375 1062 1294 1213 1186 1321 1327 1222 1249 1355 1252 1338 1186 1164 1174 1477 1116 1203 1288 1226 1194
1383 1545 1365 1401 1419 1432 1561 1368 1406 1389 1584 1589 1365 1323 1767 1504 1536 1217 1392 1481 1254 1378 1302 1523 1302 1268 1309 1447 1312 1299 1518 1580 1584 1468 1656 1645 1420 1694 1379 1441 1398 1306 1329 1551 1598 1588 1539 1360 1517 1472 1585 1422 1508 1319 1535 1337 1278 1539 1653 1547 1338 1535 1198 1510
1285 1449 1400 1266 1366 1444 1467 1410 1286 1212 1622 1479 1455 1316 1623 1477 1391 1281 1395 1228 1253 1201 1166 1454 1226 1107 1301 1350 1299 1198 1454 1574 1453 1364 1501 1528 1331 1729 1390 1649 1448 1306 1279 1399 1420 1484 1478 1352 1427 1351 1401 1333 1381 1412 1532 1162 1190 1330 1467 1397 1387 1476 1219 1453
1393 1679 1436 1378 1347 1382 1501 1556 1433 1388 1536 1465 1389 1380 1684 1536 1613 1291 1496 1494 1166 1325 1243 1575 1285 1207 1501 1379 1405 1397 1467 1494 1630 1435 1680 1639 1407 1728 1395 1566 1417 1491 1305 1629 1432 1623 1471 1518 1387 1557 1580 1265 1636 1403 1673 1334 1343 1527 1624 1529 1375 1611 1438 1664
1296 1355 1410 1225 1365 1371 1175 1419 1198 1161 1253 1357 1253 1208 1611 1481 1300 1078 1142 1221 1282 1171 1240 1328 1250 1121 1162 1366 1127 1164 1359 1438 1490 1363 1418 1342 1134 1512 1188 1450 1375 1217 1131 1367 1060 1448 1389 1174 1331 1279 1325 1280 1434 1196 1355 1305 1231 1193 1588 1253 1325 1354 1221 1290
1469 1609 1446 1419 1333 1465 1502 1599 1311 1267 1422 1475 1352 1321 1820 1512 1428 1136 1338 1347 1374 1251 1298 1409 1320 1191 1437 1423 1356 1237 1558 1531 1567 1452 1654 1482 1376 1703 1337 1439 1330 1333 1266 1535 1349 1638 1540 1246 1421 1390 1524 1316 1458 1314 1545 1413 1365 1398 1637 1439 1369 1542 1219 1492
1338 1317 1330 1174 1225 1290 1323 1386 1269 1269 1489 1296 1194 1239 1516 1365 1378 1211 1305 1344 1179 1250 1061 1351 1200 1153 1083 1358 1128 1195 1306 1395 1515 1241 1383 1503 1195 1570 1433 1579 1432 1297 1228 1232 1287 1516 1318 1244 1239 1291 1352 1226 1310 1231 1365 1152 1150 1316 1384 1280 1291 1480 1272 1408
1394 1507 1487 1431 1309 1402 1342 1525 1308 1364 1491 1362 1433 1335 1649 1417 1429 1328 1465 1332 1278 1194 1128 1527 1217 1104 1308 1464 1272 1275 1531 1503 1562 1434 1578 1532 1151 1643 1444 1553 1445 1373 1238 1492 1328 1565 1615 1365 1367 1428 1543 1326 1539 1367 1598 1323 1243 1366 1580 1424 1386 1518 1470 1512
1089 1410 1223 1165 1176 1209 1239 1528 1212 1140 1281 1264 1266 1175 1508 1435 1240 1041 1143 1254 1207 1205 1131 1397 951 1134 1267 1305 1234 1318 1391 1351 1335 1241 1475 1308 1290 1464 1349 1419 1257 1289 1181 1341 1176 1381 1272 1256 1187 1218 1290 1107 1390 1329 1404 1190 1195 1175 1236 1231 1270 1282 1118 1359
1508 1517 1523 1466 1430 1604 1518 1552 1408 1484 1462 1491 1403 1390 1891 1532 1472 1252 1530 1452 1420 1417 1439 1561 1360 1278 1392 1471 1218 1416 1602 1614 1479 1526 1613 1559 1409 1778 1359 1717 1457 1422 1364 1591 1323 1553 1589 1377 1524 1504 1585 1288 1651 1447 1589 1462 1378 1461 1690 1643 1450 1556 1418 1615
1231 1388 1461 1218 1270 1284 1443 1351 1410 1271 1353 1285 1205 1388 1494 1406 1350 1092 1309 1247 1221 1316 1182 1408 1061 1130 1309 1419 1285 1189 1445 1414 1470 1275 1559 1535 1214 1474 1426 1627 1310 1266 1268 1484 1353 1464 1339 1275 1358 1516 1412 1184 1422 1262 1425 1205 1243 1272 1396 1384 1324 1385 1310 1400
1235 1233 1168 1291 1282 1168 1319 1368 1107 1165 1392 1276 1200 1208 1465 1336 1432 1121 1268 1125 1218 1173 988 1361 1009 944 1118 1298 1067 1242 1300 1287 1404 1292 1400 1461 1059 1375 1229 1376 1223 1166 978 1361 1175 1498 1267 1248 1261 1433 1264 1280 1221 1213 1293 1196 1219 1324 1588 1220 1163 1224 1326 1342
1339 1601 1454 1278 1478 1315 1370 1542 1390 1438 1485 1495 1195 1321 1726 1570 1334 1256 1264 1565 1286 1366 1270 1415 1304 1378 1429 1468 1314 1377 1432 1588 1619 1468 1623 1489 1336 1647 1338 1460 1368 1363 1253 1524 1419 1531 1434 1461 1479 1391 1501 1308 1533 1407 1581 1343 1305 1344 1588 1440 1372 1469 1189 1354
1420 1425 1400 1396 1318 1352 1481 1557 1411 1336 1406 1473 1367 1287 1696 1618 1572 1263 1417 1268 1226 1272 1148 1415 1254 1098 1321 1314 1350 1239 1359 1422 1525 1363 1647 1454 1180 1639 1265 1521 1438 1359 1330 1471 1316 1642 1464 1271 1416 1452 1451 1279 1637 1408 1512 1259 1242 1444 1594 1412 1401 1545 1442 1609
1328 1552 1383 1319 1253 1388 1455 1485 1372 1365 1429 1378 1199 1284 1610 1402 1426 1291 1353 1316 1439 1314 1256 1462 1154 1142 1390 1315 1367 1381 1376 1369 1412 1256 1593 1510 1263 1622 1375 1519 1346 1433 1331 1349 1413 1568 1355 1220 1382 1343 1434 1275 1443 1348 1550 1174 1208 1392 1499 1372 1360 1503 1211 1506
1251 1382 1248 1343 1214 1257 1473 1408 1270 1413 1251 1370 1227 1332 1614 1418 1358 1140 1368 1306 1207 1237 1183 1379 1115 1050 1195 1263 1277 1288 1368 1261 1388 1292 1648 1296 1265 1516 1197 1329 1254 1199 1187 1393 1229 1447 1446 1052 1476 1343 1532 1355 1461 1176 1373 1331 1034 1379 1549 1370 1341 1387 1271 1356
1318 1429 1170 1254 1218 1291 1301 1319 1059 1281 1401 1238 1233 1053 1453 1306 1229 1192 1255 1273 1217 1144 1104 1263 1033 1067 1298 1391 1169 1253 1355 1410 1358 1332 1390 1434 1102 1552 1314 1347 1228 1291 1067 1378 1324 1349 1233 1303 1234 1259 1270 1121 1182 1271 1373 1247 1218 1269 1382 1345 1111 1320 1197 1368
1332 1530 1478 1337 1397 1449 1350 1588 1221 1377 1539 1392 1333 1387 1605 1489 1271 1321 1374 1420 1410 1326 1300 1494 1236 1233 1414 1400 1399 1413 1575 1625 1551 1327 1578 1534 1386 1738 1477 1708 1372 1451 1317 1463 1441 1448 1418 1319 1482 1518 1542 1398 1448 1424 1559 1277 1331 1281 1459 1499 1472 1571 1283 1430
1157 1313 1363 1083 1021 1243 1288 1340 1157 955 1433 1258 1273 1270 1435 1376 1379 1115 1257 966 1130 1011 990 1380 1038 953 1227 1214 1198 1107 1241 1339 1408 1192 1319 1374 1126 1525 1333 1387 1166 1224 1068 1241 1127 1357 1342 1145 1189 1131 1233 1162 1236 1231 1372 1116 1101 1142 1328 1157 1240 1165 1231 1367
1182 1525 1294 1136 1299 1410 1206 1437 1182 1267 1412 1354 1221 1352 1684 1448 1237 1254 1300 1235 1129 1285 1195 1528 1130 1123 1280 1232 1302 1339 1462 1449 1326 1341 1533 1548 1268 1667 1306 1659 1242 1226 1352 1351 1354 1361 1413 1214 1397 1435 1327 1287 1428 1344 1507 1239 1251 1246 1427 1293 1361 1504 1200 1361
1218 1458 1252 1224 1134 1304 1298 1249 1178 1164 1326 1277 1201 1199 1509 1374 1287 1038 1235 1134 1091 983 1106 1330 1073 983 1335 1153 1266 1232 1320 1279 1357 1255 1414 1351 1095 1461 1193 1248 1133 1157 1126 1278 1144 1328 1362 1002 1318 1276 1336 1212 1225 1166 1362 1152 1100 1251 1446 1246 1178 1337 1215 1334
1257 1325 1466 1183 1245 1374 1293 1299 1185 1248 1353 1386 1209 1233 1595 1322 1294 1171 1358 1236 1179 1108 1234 1429 1107 1026 1191 1210 1221 1251 1444 1389 1426 1321 1436 1341 1168 1491 1156 1528 1239 1284 1212 1411 1217 1281 1476 1214 1374 1361 1429 1388 1384 1304 1334 1261 1145 1340 1463 1316 1254 1355 1294 1401
1317 1487 1340 1313 1457 1491 1284 1514 1243 1411 1365 1486 1303 1237 1547 1543 1329 1208 1404 1294 1285 1263 1310 1367 1255 1174 1267 1375 1337 1165 1415 1404 1487 1332 1585 1481 1226 1651 1337 1491 1352 1242 1250 1357 1285 1443 1534 1178 1476 1354 1412 1399 1476 1297 1390 1221 1176 1330 1625 1410 1447 1408 1239 1445
1227 1392 1390 1172 1222 1319 1261 1460 1167 1194 1422 1288 1215 1159 1585 1452 1294 1223 1289 1303 1266 1205 1090 1371 1063 1213 1197 1303 1255 1227 1294 1358 1388 1247 1585 1381 1170 1527 1321 1387 1291 1352 1192 1361 1147 1445 1353 1204 1249 1274 1308 1285 1352 1347 1412 1261 1057 1241 1455 1241 1255 1424 1283 1425
1458 1703 1541 1512 1424 1609 1494 1720 1451 1621 1599 1566 1361 1470 1893 1592 1595 1394 1559 1513 1476 1494 1309 1730 1313 1298 1359 1607 1298 1486 1576 1577 1671 1502 1765 1743 1454 1909 1575 1697 1525 1631 1320 1704 1587 1595 1622 1526 1541 1522 1546 1401 1675 1534 1546 1439 1451 1606 1689 1562 1514 1601 1484 1734
1106 1255 1067 1122 1096 1087 1219 1172 1019 1145 1221 1148 1003 1144 1420 1199 1147 1022 1074 1225 997 1182 1000 1192 879 1130 1044 1135 956 1086 1203 1292 1250 1229 1318 1330 1149 1302 1116 1254 1116 1066 984 1161 1198 1294 1186 1138 1284 1142 1245 1157 1131 1132 1282 1075 1008 1115 1237 1209 1064 1252 982 1145
1402 1540 1383 1208 1229 1381 1366 1404 1286 1459 1336 1324 1174 1348 1606 1536 1321 1154 1346 1335 1195 1338 1156 1535 1203 1102 1369 1335 1237 1314 1390 1403 1589 1383 1555 1480 1253 1695 1307 1509 1282 1305 1271 1523 1170 1419 1414 1249 1386 1449 1395 1217 1536 1307 1451 1333 1277 1399 1469 1397 1270 1418 1377 1461
1164 1405 1410 1224 1212 1288 1381 1339 1009 1261 1470 1346 1308 1129 1438 1449 1253 1209 1265 1178 1195 1117 1106 1428 1044 1003 1213 1156 1331 1248 1342 1372 1496 1218 1395 1464 1115 1672 1255 1451 1300 1311 1112 1385 1284 1414 1310 1355 1240 1430 1320 1282 1313 1353 1372 1137 1202 1401 1394 1453 1247 1445 1345 1531
1424 1708 1408 1341 1518 1477 1476 1491 1285 1410 1560 1477 1359 1241 1724 1696 1535 1251 1299 1271 1431 1211 1249 1499 1243 1179 1479 1463 1380 1420 1468 1557 1596 1435 1631 1605 1177 1761 1411 1450 1431 1381 1250 1507 1315 1613 1553 1238 1359 1508 1443 1341 1390 1455 1466 1378 1255 1431 1689 1468 1365 1541 1354 1512
1365 1526 1438 1456 1432 1470 1377 1605 1300 1449 1412 1433 1404 1317 1863 1738 1413 1224 1448 1296 1410 1394 1258 1471 1346 1247 1383 1329 1349 1443 1560 1485 1462 1538 1653 1565 1250 1750 1308 1483 1397 1355 1271 1551 1336 1568 1583 1294 1456 1460 1479 1362 1582 1381 1552 1387 1299 1451 1696 1448 1342 1526 1369 1540
1225 1455 1289 1225 1347 1198 1356 1487 1215 1258 1415 1239 1260 1212 1667 1463 1371 1211 1204 1222 1318 1342 1089 1303 1079 1168 1239 1373 1247 1297 1284 1404 1498 1317 1499 1533 1102 1626 1279 1403 1322 1296 1111 1386 1308 1377 1399 1350 1262 1465 1388 1153 1340 1372 1377 1253 1166 1251 1485 1345 1193 1213 1309 1423
1013 1236 1210 1075 1131 1180 1120 1285 1123 1104 1145 1163 1120 1185 1346 1396 1132 1113 1179 1017 1068 1019 1014 1243 1055 971 1114 1109 1188 1056 1117 1236 1168 1088 1352 1203 1080 1424 1171 1263 1154 1148 1122 1166 1228 1281 1234 1019 1154 1132 1268 1067 1301 1106 1219 1098 942 1125 1287 1182 1216 1281 1112 1226
1324 1297 1381 1234 1285 1287 1382 1240 1297 1388 1438 1387 1137 1257 1584 1463 1320 1192 1285 1417 1153 1197 1248 1373 1079 1186 1247 1284 1183 1198 1364 1391 1465 1302 1482 1354 1206 1514 1270 1446 1333 1215 1177 1412 1173 1517 1429 1365 1336 1329 1272 1299 1445 1261 1434 1335 1137 1372 1480 1420 1248 1430 1358 1487
1473 1462 1459 1394 1370 1497 1505 1634 1315 1456 1456 1378 1424 1432 1810 1539 1526 1298 1425 1446 1372 1488 1164 1565 1269 1264 1343 1578 1400 1359 1608 1545 1677 1385 1722 1628 1357 1713 1365 1679 1408 1358 1337 1543 1418 1445 1572 1374 1551 1551 1625 1410 1602 1389 1593 1370 1363 1550 1609 1418 1486 1507 1446 1543
1371 1443 1413 1409 1399 1450 1444 1523 1208 1346 1451 1491 1396 1398 1707 1307 1377 1231 1240 1169 1305 1225 1199 1407 1244 1168 1243 1470 1301 1265 1376 1472 1586 1383 1592 1368 1255 1598 1440 1567 1369 1290 1239 1388 1369 1561 1512 1281 1508 1359 1429 1383 1436 1200 1390 1284 1411 1427 1558 1437 1435 1454 1411 1523
1094 1243 1182 1107 1172 1117 1241 1400 1103 1114 1278 1100 1176 1116 1458 1288 1254 1041 1136 1192 1095 1131 1020 1317 1035 957 1121 1252 1098 1145 1325 1343 1310 1320 1361 1364 1154 1492 1166 1478 1297 1138 1177 1271 1250 1323 1278 1316 1162 1321 1319 1087 1302 1215 1340 1049 1121 1242 1256 1309 1119 1320 1082 1305
