1231 1185 1290 1236 1090 953 1147 1106 1058 881 1073 1332 1055 1144 1234 1345 977 1154 984 896 1091 1211 1152 1255 1107 1190 1273 1202 1060 1422 942 1206 1020 1136 969 1315 1249 1073 936 1335 1185 1209 1193 1142 1458 1194 1061 1249 1165 1329 1005 1065 1311 1181 939 1132 1108 1042 1017 1062 1426 1342 1051 980
1262 1110 1356 1489 1244 995 1267 1098 1167 1028 1144 1187 1023 1264 1365 1278 1098 1087 1258 1030 1120 1275 1297 1284 1209 1362 1389 1490 1087 1362 1059 1227 1132 1160 1042 1424 1332 1185 1017 1433 1084 1160 1315 1114 1455 1210 1342 1242 1128 1291 1024 1211 1396 1208 1124 1131 1089 1008 1180 1128 1438 1290 1198 1116
1377 1256 1498 1335 1460 1182 1200 1315 1394 1168 1233 1265 1191 1123 1458 1353 1261 1173 1286 1124 1140 1454 1226 1423 1213 1383 1375 1418 1100 1594 1248 1463 1184 1300 990 1537 1593 1359 1164 1486 1437 1559 1356 1337 1343 1211 1450 1152 1279 1504 1138 1260 1543 1323 1216 1281 1197 1083 1308 1277 1621 1531 1305 1097
1377 1488 1598 1663 1441 1295 1388 1442 1371 1176 1268 1263 1185 1403 1591 1433 1138 1392 1425 1288 1346 1445 1356 1560 1280 1435 1638 1550 1261 1732 1284 1605 1274 1333 1201 1669 1518 1360 1297 1616 1315 1387 1433 1423 1553 1299 1344 1398 1377 1517 1255 1398 1626 1564 1203 1527 1202 1257 1364 1451 1749 1454 1429 1178
1295 1280 1487 1411 1398 1215 1303 1445 1298 1054 1180 1265 1255 1304 1564 1409 1105 1310 1251 1112 1236 1463 1334 1364 1076 1344 1357 1508 1186 1647 1280 1608 1243 1232 1059 1436 1564 1387 1170 1522 1273 1463 1494 1322 1460 1295 1462 1336 1234 1474 1033 1322 1662 1375 1108 1264 1224 1206 1328 1380 1558 1628 1257 1177
1161 1210 1567 1536 1348 1103 1202 1284 1332 871 1271 1217 1163 1244 1466 1543 1066 1184 1264 1042 987 1391 1279 1331 1117 1397 1363 1467 1279 1498 1240 1332 1159 1369 1011 1494 1350 1461 1156 1462 1142 1360 1451 1364 1430 1179 1451 1179 1290 1375 1124 1167 1599 1104 991 1289 1090 1084 1322 1284 1542 1444 1331 1132
1357 1281 1482 1413 1539 1225 1233 1360 1220 1129 1235 1351 1278 1294 1374 1422 1124 1348 1274 1230 1136 1441 1281 1526 1174 1439 1392 1424 1127 1475 1260 1433 1222 1339 1147 1505 1390 1470 1059 1554 1273 1456 1337 1213 1527 1212 1363 1393 1284 1515 1243 1201 1516 1361 1188 1190 1218 989 1277 1360 1549 1557 1292 1088
1309 1344 1441 1249 1321 976 1323 1294 1253 1003 1092 1202 1127 1158 1299 1422 1219 1196 1267 1102 1115 1342 1236 1336 1106 1330 1435 1396 1170 1390 1199 1490 1069 1280 978 1613 1494 1216 1156 1481 1416 1415 1359 1284 1467 1201 1401 1312 1140 1425 1211 1310 1391 1232 1273 1198 1228 1110 1282 1191 1507 1407 1187 1140
1402 1267 1419 1446 1364 1097 1316 1238 1383 1053 1220 1214 1179 1151 1454 1399 1255 1215 1195 1103 1100 1388 1318 1312 1122 1354 1467 1609 1083 1378 1301 1403 1187 1361 1113 1551 1583 1429 1198 1484 1381 1507 1360 1364 1500 1243 1380 1249 1332 1514 1212 1258 1560 1283 1176 1249 1195 1050 1334 1164 1483 1507 1207 1169
1388 1257 1592 1541 1442 1118 1231 1221 1355 1118 1086 1263 1128 1204 1468 1356 1105 1250 1193 1090 1231 1430 1249 1393 1119 1387 1389 1423 1222 1425 1081 1511 1344 1255 1085 1615 1474 1368 1112 1577 1296 1454 1469 1209 1517 1266 1382 1366 1165 1543 1174 1333 1466 1284 1220 1231 1218 1077 1265 1247 1593 1587 1289 1195
1224 1325 1425 1306 1323 1016 1104 1216 1204 936 1097 1116 1143 1126 1305 1408 1015 1240 1116 1226 1158 1296 1175 1386 966 1238 1346 1340 1061 1418 1247 1339 1205 1268 1042 1500 1395 1316 1087 1486 1181 1299 1216 1192 1359 1104 1273 1122 1242 1438 1149 1237 1443 1224 1020 1283 1026 1069 1118 1206 1494 1529 1141 1086
1475 1430 1533 1624 1312 1327 1230 1423 1573 1303 1354 1285 1338 1270 1539 1471 1215 1387 1348 1328 1243 1388 1445 1418 1277 1407 1527 1492 1272 1592 1307 1629 1324 1432 1224 1711 1586 1530 1289 1592 1358 1424 1433 1540 1469 1326 1429 1379 1458 1572 1237 1297 1704 1405 1102 1407 1220 1327 1323 1347 1775 1659 1546 1274
1231 1292 1432 1359 1282 1009 1152 1289 1357 1070 1207 1161 1189 1197 1348 1364 1013 1311 1263 1188 1195 1401 1440 1299 1203 1191 1332 1343 1074 1429 1187 1508 1048 1202 1108 1466 1460 1324 1176 1434 1256 1221 1381 1309 1449 1147 1400 1159 1159 1502 1195 1235 1485 1144 1040 1257 1030 1119 1076 1280 1566 1469 1317 1154
1417 1435 1712 1559 1640 1390 1400 1546 1530 1197 1341 1393 1407 1400 1605 1549 1198 1599 1501 1216 1208 1609 1463 1522 1195 1460 1490 1475 1172 1606 1329 1701 1415 1325 1186 1603 1624 1434 1242 1592 1365 1576 1467 1445 1521 1298 1397 1418 1388 1697 1272 1313 1763 1544 1169 1454 1304 1360 1453 1369 1711 1703 1569 1258
1287 1331 1498 1413 1366 1161 1258 1449 1394 1129 1168 1255 1200 1302 1444 1488 1009 1325 1241 1184 1245 1372 1265 1388 1147 1261 1407 1402 1276 1666 1197 1469 1132 1276 979 1431 1549 1285 1253 1524 1318 1304 1454 1347 1512 1295 1310 1247 1346 1479 1193 1223 1503 1227 1044 1227 1067 1152 1131 1330 1541 1441 1318 1041
1351 1251 1618 1584 1416 1192 1343 1365 1219 1077 1240 1388 1323 1405 1626 1513 1229 1401 1311 1147 1107 1590 1315 1562 1235 1449 1461 1549 1208 1612 1231 1472 1250 1307 1050 1567 1532 1378 1217 1585 1416 1460 1575 1233 1604 1297 1504 1363 1233 1339 1270 1338 1631 1406 1164 1453 1197 1201 1419 1405 1626 1599 1336 1184
1326 1361 1651 1527 1527 1213 1456 1400 1265 1147 1194 1330 1246 1384 1497 1488 1125 1243 1362 1220 1290 1510 1311 1590 1181 1416 1428 1422 1205 1732 1302 1568 1289 1370 1145 1651 1473 1376 1269 1506 1385 1487 1483 1287 1525 1382 1369 1370 1420 1574 1223 1233 1708 1446 1238 1243 1328 1109 1327 1421 1573 1605 1379 1150
1322 1512 1676 1639 1658 1234 1391 1539 1347 1150 1206 1276 1240 1332 1549 1586 1194 1353 1374 1330 1336 1602 1487 1471 1162 1390 1525 1467 1277 1696 1461 1637 1287 1329 1181 1683 1588 1418 1373 1649 1464 1578 1556 1418 1574 1328 1383 1298 1320 1574 1386 1391 1734 1581 1221 1488 1242 1301 1405 1355 1589 1665 1396 1347
1163 1204 1268 1485 1387 1132 1162 1207 1212 954 1136 1082 1179 1281 1405 1303 1123 1134 1122 1157 1106 1315 1199 1414 1173 1340 1290 1405 1099 1355 1234 1311 1139 1236 1080 1428 1283 1265 1158 1477 1240 1230 1231 1191 1322 1131 1326 1142 1128 1292 1124 1172 1471 1175 968 1227 1119 1005 1168 1251 1455 1375 1275 1132
1370 1449 1685 1587 1549 1186 1242 1281 1452 1195 1246 1341 1254 1265 1545 1325 1301 1297 1421 1205 1345 1523 1393 1434 1308 1464 1647 1678 1308 1500 1291 1673 1169 1318 1251 1578 1645 1527 1255 1629 1494 1429 1612 1448 1483 1272 1524 1371 1286 1538 1157 1445 1501 1426 1367 1413 1283 1285 1474 1345 1776 1659 1416 1204
1207 1347 1566 1563 1384 1096 1354 1295 1304 1140 1185 1286 1270 1304 1453 1336 1140 1215 1314 1076 1254 1456 1232 1433 1110 1338 1561 1345 1196 1586 1140 1502 1203 1285 1146 1654 1386 1296 1189 1472 1322 1522 1386 1335 1396 1265 1409 1174 1335 1459 1157 1312 1661 1302 1152 1333 1129 1028 1263 1322 1641 1378 1276 1139
1180 1222 1420 1478 1272 1130 1287 1147 1281 1094 1214 1197 1140 1131 1376 1263 1009 1135 1321 1171 1173 1324 1333 1333 1056 1289 1324 1354 1148 1368 1238 1422 1100 1230 1218 1484 1400 1268 1162 1430 1195 1322 1403 1179 1399 1242 1333 1140 1108 1346 1067 1145 1567 1355 971 1228 1212 1054 1197 1214 1508 1445 1287 1088
1255 1082 1209 1137 1197 972 1110 1011 1186 917 974 1107 1061 896 1194 1217 932 1151 1045 934 882 1225 1077 1257 979 1187 1192 1255 1008 1290 1031 1232 1055 1185 985 1338 1292 1238 981 1223 1156 1238 1182 1125 1321 1083 1114 1006 1113 1153 1025 1053 1336 1021 893 1090 1042 878 996 1054 1323 1241 1104 936
1196 1095 1285 1419 1201 1134 1106 1206 1247 966 1176 1141 1209 1151 1430 1461 1118 1174 1156 1067 1062 1320 1223 1356 1091 1237 1322 1371 1002 1446 1223 1317 1053 1287 1037 1486 1403 1402 1047 1508 1195 1332 1321 1148 1401 1132 1330 1094 1293 1278 1205 1232 1545 1203 974 1088 1015 982 1146 1212 1418 1399 1133 1058
1177 1066 1243 1378 1223 1093 1061 1204 1146 1009 1018 1127 1152 1092 1379 1242 1051 1015 1130 1002 1055 1192 1023 1167 941 1232 1157 1214 1043 1309 1024 1348 1109 1033 960 1316 1251 1246 1027 1434 1207 1238 1318 1186 1278 1131 1185 1137 1156 1362 926 1181 1369 1212 937 982 1074 1009 1174 1056 1440 1420 1206 968
1398 1412 1635 1644 1641 1321 1346 1479 1419 1335 1305 1326 1300 1301 1590 1555 1130 1356 1354 1319 1275 1553 1464 1575 1415 1549 1478 1661 1269 1674 1503 1581 1296 1551 1205 1709 1646 1542 1412 1658 1500 1520 1591 1407 1479 1381 1557 1345 1334 1531 1396 1322 1670 1452 1171 1473 1229 1100 1473 1448 1641 1727 1440 1434
1430 1205 1494 1495 1372 1341 1286 1414 1320 1229 1170 1237 1193 1298 1559 1522 1277 1218 1340 1271 1265 1445 1276 1584 1139 1488 1427 1540 1175 1700 1264 1411 1352 1300 974 1579 1612 1415 1261 1595 1455 1477 1541 1280 1514 1328 1370 1310 1203 1516 1235 1213 1533 1480 1219 1249 1213 1083 1372 1375 1569 1588 1366 1175
1400 1506 1578 1573 1578 1156 1384 1469 1335 1181 1343 1275 1350 1359 1629 1611 1132 1478 1354 1293 1336 1591 1359 1531 1304 1314 1614 1597 1291 1616 1444 1732 1280 1435 1166 1547 1586 1534 1386 1684 1363 1523 1506 1445 1501 1332 1575 1384 1256 1528 1345 1344 1664 1421 1095 1612 1148 1295 1306 1402 1665 1608 1423 1291
1214 1358 1630 1512 1337 1223 1229 1304 1427 1013 1273 1158 1191 1294 1465 1434 1136 1252 1415 1094 1152 1396 1286 1443 1148 1236 1412 1429 1110 1556 1231 1495 1220 1283 1021 1491 1515 1319 1124 1496 1271 1319 1475 1346 1370 1187 1335 1342 1240 1449 1071 1187 1524 1290 1113 1339 1103 1195 1313 1316 1658 1471 1322 1116
1355 1324 1602 1497 1421 1138 1234 1290 1152 1159 1164 1390 1152 1271 1527 1435 1166 1192 1317 1176 1176 1460 1229 1348 1240 1337 1451 1553 1208 1540 1274 1496 1320 1334 1171 1477 1448 1537 1263 1457 1306 1359 1382 1331 1397 1334 1356 1334 1282 1460 1187 1106 1523 1412 1166 1332 1280 1136 1287 1229 1562 1532 1323 1230
1395 1294 1619 1467 1411 1298 1356 1436 1394 1332 1230 1331 1249 1269 1527 1432 1243 1449 1482 1215 1291 1352 1354 1467 1267 1542 1545 1553 1155 1562 1214 1532 1258 1330 1129 1558 1682 1457 1161 1582 1439 1470 1531 1389 1431 1215 1413 1386 1224 1551 1189 1218 1611 1478 1227 1323 1328 1078 1316 1213 1643 1414 1457 1250
1186 1400 1507 1383 1427 1060 1304 1341 1371 1049 1176 1274 1141 1185 1391 1449 1073 1256 1205 1077 1317 1429 1314 1359 1163 1412 1469 1442 1222 1611 1150 1627 1126 1326 1143 1504 1483 1262 1181 1525 1225 1344 1440 1428 1441 1240 1379 1258 1182 1537 955 1288 1603 1303 1054 1303 1164 1121 1146 1307 1599 1431 1249 1192
1167 1170 1504 1372 1453 1075 1037 1235 1206 1072 1231 1293 1087 1139 1484 1316 1239 1254 1236 1090 1154 1449 1112 1327 1148 1231 1217 1451 1055 1432 1083 1411 1165 1163 1000 1479 1520 1344 1101 1521 1272 1343 1388 1086 1344 1277 1337 1233 1257 1393 1081 1255 1449 1212 1078 1210 1059 1086 1230 1218 1398 1530 1001 987
1442 1206 1510 1603 1455 1347 1291 1320 1504 1313 1353 1291 1285 1317 1506 1474 1295 1247 1335 1205 1226 1425 1306 1492 1127 1512 1527 1591 1229 1586 1274 1504 1330 1344 1126 1748 1611 1483 1157 1626 1395 1510 1477 1348 1569 1459 1403 1472 1428 1548 1228 1318 1682 1408 1162 1294 1254 1197 1425 1293 1717 1605 1433 1194
1290 1235 1378 1166 1232 1028 1104 1237 990 996 1080 1222 1041 956 1334 1305 969 1224 1146 986 1114 1284 1166 1315 1067 1281 1280 1256 1070 1494 1060 1305 1173 1161 911 1333 1317 1223 1098 1333 1290 1257 1294 1158 1270 1144 1074 1211 1163 1323 1167 1041 1257 1174 1122 1149 1070 987 1182 1302 1356 1494 1082 1143
1289 1159 1254 1252 1222 908 1036 1126 1170 940 1015 1074 1126 1080 1298 1199 1035 1055 1130 1000 1130 1228 1070 1162 1174 1047 1293 1221 983 1275 1113 1328 1091 1112 992 1329 1256 1248 1119 1352 1130 1170 1188 1226 1183 1035 1188 1046 1188 1222 901 1154 1402 1196 821 1116 951 1007 1063 1049 1422 1278 1120 977
1381 1376 1582 1628 1445 1338 1314 1437 1528 1369 1350 1306 1429 1294 1626 1494 1195 1444 1343 1136 1189 1676 1454 1503 1183 1412 1440 1526 1122 1683 1272 1612 1268 1381 1215 1757 1586 1478 1154 1564 1429 1567 1563 1361 1572 1372 1474 1326 1321 1541 1338 1283 1786 1379 1178 1362 1148 1229 1372 1439 1695 1693 1438 1311
1355 1392 1582 1502 1519 1179 1195 1314 1369 1169 1265 1381 1320 1249 1455 1468 1198 1391 1279 1267 1293 1520 1329 1622 1357 1376 1626 1563 1274 1590 1233 1649 1269 1427 1231 1629 1509 1561 1215 1724 1437 1389 1460 1385 1524 1304 1501 1429 1390 1557 1279 1426 1546 1368 1335 1314 1233 1127 1230 1470 1667 1596 1254 1217
1454 1464 1578 1553 1440 1189 1359 1457 1445 1150 1217 1356 1305 1371 1629 1490 1222 1351 1275 1244 1438 1497 1350 1377 1310 1495 1652 1595 1281 1593 1327 1602 1209 1331 1113 1630 1559 1433 1193 1708 1447 1421 1606 1411 1571 1275 1597 1296 1256 1530 1144 1511 1617 1457 1182 1360 1199 1314 1393 1290 1683 1606 1342 1221
1217 1251 1416 1470 1280 1156 1190 1210 1178 965 1203 1158 1119 1167 1452 1290 963 1230 1246 1074 1094 1337 1183 1396 928 1201 1450 1301 963 1447 1220 1352 1110 1194 1045 1374 1410 1321 1167 1333 1182 1251 1306 1258 1467 1193 1183 1205 1252 1321 1161 1128 1492 1341 1012 1210 1044 1110 1194 1224 1349 1337 1284 1030
1236 1251 1459 1358 1420 1026 1255 1317 1371 893 1207 1185 1122 1124 1381 1434 1113 1250 1308 1063 1046 1384 1231 1352 1223 1394 1416 1510 1099 1467 1175 1515 1109 1380 1037 1540 1526 1352 1066 1478 1228 1376 1345 1362 1286 1088 1425 1181 1236 1521 1123 1290 1493 1246 1141 1252 1145 982 1260 1261 1576 1457 1232 1120
1164 1335 1669 1587 1517 1213 1192 1506 1290 1239 1288 1223 1227 1297 1507 1410 1187 1291 1441 1191 1228 1518 1313 1323 1129 1344 1486 1439 1227 1591 1250 1620 1222 1363 1108 1546 1565 1440 1208 1523 1294 1471 1460 1426 1244 1227 1397 1309 1255 1556 1157 1174 1754 1340 1073 1408 1126 1246 1305 1271 1547 1534 1384 1252
1488 1403 1614 1526 1495 1155 1362 1386 1509 1159 1263 1274 1254 1178 1484 1583 1129 1452 1367 1234 1264 1557 1373 1536 1145 1374 1637 1610 1299 1663 1209 1598 1417 1412 1198 1699 1677 1573 1280 1699 1407 1577 1521 1371 1604 1404 1557 1354 1263 1621 1358 1404 1641 1437 1206 1447 1369 1188 1388 1388 1664 1698 1376 1199
1172 1251 1459 1514 1427 997 1185 1333 1250 1101 1230 1153 1149 1337 1325 1325 1129 1387 1273 1087 1199 1283 1282 1329 1231 1362 1357 1512 1024 1497 1112 1388 1089 1185 1116 1564 1396 1282 1056 1478 1195 1387 1353 1285 1279 1188 1355 1293 1109 1363 1137 1189 1571 1313 996 1359 1040 1064 1251 1183 1480 1362 1221 1274
1341 1165 1605 1507 1422 1245 1200 1238 1423 1279 1128 1184 1272 1249 1291 1438 1086 1243 1224 1209 1205 1399 1302 1487 1054 1356 1405 1403 1211 1543 1291 1462 1343 1297 1136 1686 1419 1411 1145 1486 1352 1514 1453 1071 1330 1327 1371 1281 1182 1422 1236 1188 1706 1412 1213 1168 1167 1086 1260 1253 1503 1562 1261 1235
1199 1311 1412 1409 1266 1002 1171 1172 1257 1027 1210 1106 1191 1194 1423 1304 1147 1215 1162 1057 1135 1370 1187 1259 1233 1223 1311 1504 1148 1428 1164 1326 1033 1130 1139 1434 1279 1281 1150 1359 1300 1266 1389 1298 1381 1255 1371 1134 1248 1303 1074 1179 1393 1149 875 1275 1026 1087 1229 1212 1476 1528 1118 1050
1390 1411 1601 1453 1476 1238 1209 1413 1344 1312 1268 1287 1326 1282 1472 1483 1094 1212 1287 1301 1253 1542 1327 1500 1321 1442 1539 1381 1237 1605 1457 1615 1185 1390 1161 1565 1488 1374 1315 1553 1440 1353 1537 1428 1377 1264 1430 1352 1352 1619 1295 1234 1587 1494 1190 1318 1212 1199 1339 1314 1626 1692 1457 1335
1441 1492 1616 1704 1473 1157 1370 1496 1405 1035 1387 1382 1274 1433 1586 1578 1237 1430 1351 1300 1376 1501 1488 1505 1345 1418 1583 1596 1381 1640 1263 1595 1288 1339 1239 1562 1521 1521 1343 1673 1374 1374 1535 1361 1696 1433 1600 1418 1237 1552 1223 1417 1676 1398 1149 1391 1318 1297 1414 1514 1741 1637 1366 1123
1446 1458 1624 1580 1439 1209 1340 1373 1334 1324 1336 1348 1298 1267 1447 1524 1078 1426 1292 1285 1267 1476 1339 1541 1227 1368 1574 1578 1375 1675 1333 1543 1326 1412 1260 1703 1619 1542 1208 1620 1380 1488 1593 1356 1570 1417 1416 1547 1325 1560 1364 1243 1569 1497 1228 1405 1270 1197 1328 1369 1698 1766 1414 1248
1096 1263 1404 1249 1272 1069 1198 1219 1187 1042 1036 1103 1090 973 1290 1271 1000 1230 1284 1006 1104 1210 1236 1250 944 1205 1362 1293 993 1320 1120 1418 1128 1242 956 1282 1444 1266 1001 1450 1176 1192 1328 1172 1258 1106 1321 1187 1141 1302 1076 1115 1359 1131 1121 1166 1052 999 1125 1160 1301 1419 1147 1131
1197 1158 1344 1200 1239 1082 1050 1176 1175 1023 1115 1140 1091 1049 1273 1223 938 1138 1145 1104 1125 1229 972 1389 1051 1233 1286 1169 1072 1292 1061 1327 1050 1130 1004 1480 1304 1143 1056 1351 1158 1202 1184 970 1202 1153 1169 1198 1059 1227 1157 1134 1410 1346 947 1066 1163 1055 1149 1100 1389 1340 1139 971
1080 1226 1598 1479 1290 1225 1255 1256 1297 1129 1038 1204 1297 1231 1301 1342 1119 1284 1257 1065 962 1388 1191 1424 1070 1349 1431 1379 1142 1451 1124 1439 1152 1348 1060 1699 1326 1288 989 1509 1201 1297 1261 1283 1391 1125 1365 1168 1364 1268 1228 1231 1556 1235 1137 1188 1169 1087 1178 1288 1549 1429 1366 1128
1170 1044 1415 1298 1153 971 1209 1151 1122 845 1105 1200 1011 1137 1179 1382 914 1108 1158 965 1105 1150 1172 1339 1081 1160 1337 1351 1075 1394 937 1138 1130 1203 943 1321 1219 1197 1058 1352 983 1194 1137 1116 1385 1193 1121 1183 1227 1224 1109 1031 1384 1195 1024 1081 1125 941 1155 1161 1302 1318 1189 1034
1315 1269 1552 1598 1404 1144 1256 1291 1367 1048 1318 1243 1168 1329 1599 1530 1236 1354 1338 1239 1357 1390 1155 1486 1331 1476 1561 1660 1223 1512 1229 1535 1166 1372 1123 1693 1619 1424 1340 1568 1310 1380 1377 1359 1445 1257 1404 1232 1334 1543 1284 1403 1624 1416 1039 1429 1159 1273 1385 1244 1650 1453 1267 1110
1215 1220 1437 1363 1321 921 1178 1234 1167 1062 1069 1140 1156 1199 1240 1251 1005 1053 1242 1097 1129 1440 1147 1341 996 1182 1402 1314 1114 1503 1059 1307 1127 1179 1022 1553 1299 1314 1123 1446 1137 1350 1300 1276 1314 1160 1313 1211 1186 1376 1165 1156 1410 1260 955 1263 1059 903 1226 1234 1516 1396 1276 1114
1231 1208 1501 1387 1241 1157 1048 1297 1188 1035 1093 1093 1096 1158 1369 1335 926 1153 1184 1155 1128 1293 1201 1285 984 1260 1342 1325 1019 1541 1276 1367 1171 1134 1028 1402 1412 1346 1146 1412 1318 1274 1483 1168 1277 1084 1259 1127 1087 1401 1109 1155 1486 1377 1007 1265 1059 1025 1242 1203 1476 1508 1260 1099
1259 1316 1519 1579 1391 1173 1225 1390 1384 994 1264 1169 1158 1345 1586 1523 1089 1371 1308 1220 1149 1417 1261 1377 1167 1350 1422 1521 1156 1593 1301 1514 1151 1441 1050 1467 1600 1459 1202 1550 1233 1404 1368 1456 1462 1161 1456 1227 1307 1493 1214 1245 1719 1317 1002 1437 1044 1287 1250 1303 1560 1418 1393 1108
1222 1331 1466 1337 1379 1188 1155 1245 1373 1087 1259 1192 1132 1237 1261 1489 1000 1181 1197 1142 1250 1368 1364 1495 1159 1343 1397 1360 1093 1525 1292 1456 1040 1421 1080 1511 1470 1313 1108 1405 1199 1310 1324 1332 1336 1259 1259 1290 1254 1595 1208 1194 1585 1364 1054 1202 1196 1128 1214 1256 1690 1475 1291 1198
1560 1452 1795 1739 1414 1280 1405 1359 1396 1314 1337 1304 1292 1398 1529 1550 1242 1350 1362 1401 1314 1422 1422 1715 1220 1452 1619 1614 1220 1657 1339 1462 1429 1462 1269 1737 1536 1553 1391 1500 1537 1595 1431 1377 1536 1373 1354 1525 1398 1599 1383 1177 1689 1617 1269 1546 1315 1128 1532 1438 1808 1609 1642 1386
1387 1404 1775 1841 1676 1375 1382 1514 1595 1231 1368 1458 1402 1404 1619 1634 1343 1380 1545 1250 1279 1543 1451 1488 1269 1606 1674 1670 1305 1679 1374 1722 1371 1536 1237 1769 1715 1646 1243 1854 1476 1540 1672 1476 1535 1449 1593 1425 1545 1688 1332 1406 1812 1500 1266 1417 1360 1289 1532 1374 1778 1767 1538 1307
1287 1470 1554 1605 1368 1179 1266 1398 1378 1207 1163 1181 1351 1248 1480 1349 1144 1246 1250 1188 1244 1382 1255 1288 1176 1340 1455 1402 1147 1499 1205 1503 1215 1330 1112 1560 1482 1403 1164 1528 1377 1344 1470 1410 1419 1173 1421 1271 1362 1488 1083 1286 1628 1270 1094 1216 1102 1154 1230 1262 1554 1612 1330 1174
1255 1162 1318 1433 1247 1121 1154 1159 1259 1083 1069 1158 1250 1182 1359 1332 1018 1216 1196 1073 1120 1344 1279 1391 1165 1235 1226 1389 1096 1487 1099 1333 1211 1189 1082 1344 1378 1327 1160 1436 1225 1176 1315 1217 1379 1190 1247 1170 1322 1344 1087 1202 1409 1196 1071 1091 1062 953 1223 1362 1505 1582 1290 1071
1471 1436 1776 1768 1696 1389 1489 1483 1397 1247 1323 1434 1311 1401 1559 1560 1186 1360 1334 1318 1265 1530 1405 1688 1281 1529 1625 1627 1362 1775 1372 1600 1422 1475 1178 1852 1579 1498 1273 1754 1454 1594 1506 1496 1712 1430 1450 1485 1466 1712 1424 1437 1727 1556 1294 1462 1411 1108 1421 1443 1692 1659 1540 1343
1430 1352 1735 1522 1474 1343 1299 1484 1522 1272 1223 1284 1329 1387 1625 1672 1255 1236 1477 1404 1272 1493 1335 1539 1213 1553 1559 1623 1278 1635 1445 1548 1215 1576 1021 1549 1749 1592 1372 1717 1556 1527 1683 1426 1497 1323 1545 1448 1489 1648 1326 1265 1705 1485 1288 1360 1315 1275 1416 1303 1699 1654 1418 1226
