1380 1307 1341 1295 1237 1275 1406 1449 939 1201 1177 1298 1202 1269 1515 1234 1187 1335 1126 1215 1300 1289 1262 1206 1088 1297 1210 1244 1274 1493 1008 1024 1237 1228 1329 1180 1251 1071 1281 1353 1372 1190 1372 1243 1236 1252 1355 1636 1552 1239 1305 1248 1325 1173 1440 1342 1466 979 1238 1230 1242 1294 1188 1102
1367 1375 1143 1252 1116 1398 1329 1555 1001 1213 1295 1410 1226 1186 1345 1361 1082 1425 1075 1090 1340 1377 1151 1210 1216 1147 1213 1338 1439 1440 1104 1068 1198 1244 1248 1062 1099 1073 1158 1360 1420 1199 1327 1197 1192 1283 1351 1677 1357 1302 1310 1151 1291 1132 1190 1267 1315 1133 1343 1342 1219 1269 1124 1156
1552 1453 1269 1473 1313 1507 1506 1641 1183 1359 1245 1479 1307 1251 1541 1276 1275 1421 1196 1152 1441 1418 1393 1363 1356 1239 1424 1311 1315 1463 1249 1157 1281 1428 1250 1272 1321 1267 1358 1500 1542 1309 1330 1302 1385 1388 1393 1695 1397 1498 1454 1341 1376 1295 1350 1314 1596 1122 1470 1386 1407 1210 1406 1267
1305 1375 1148 1320 1234 1246 1369 1457 1054 1186 1109 1366 1230 1280 1348 1386 1184 1485 1095 1108 1264 1305 1208 1134 1190 1131 1294 1248 1415 1305 1180 1191 1285 1344 1341 1234 1249 1086 1332 1350 1360 1296 1254 1291 1307 1359 1382 1580 1232 1341 1223 1190 1170 1227 1412 1248 1339 1026 1272 1301 1343 1167 1231 1086
1407 1568 1342 1275 1192 1334 1518 1627 1126 1269 1420 1496 1243 1291 1517 1372 1152 1365 1246 1209 1391 1457 1309 1304 1159 1182 1261 1238 1338 1409 1145 992 1146 1245 1282 1148 1199 1161 1300 1366 1470 1197 1317 1305 1255 1395 1439 1657 1441 1361 1455 1149 1295 1116 1276 1338 1406 1177 1258 1389 1222 1368 1195 1292
1374 1433 1311 1439 1386 1390 1413 1406 950 1378 1218 1287 1281 1264 1507 1371 1248 1512 1025 1207 1410 1405 1441 1337 1160 1283 1539 1380 1381 1579 1251 1246 1291 1397 1441 1295 1430 1157 1391 1596 1330 1361 1249 1386 1480 1369 1462 1863 1533 1219 1396 1405 1406 1431 1517 1472 1458 1217 1311 1340 1399 1369 1333 1232
1264 1436 1229 1357 1245 1328 1309 1326 1055 1198 1152 1390 1119 1118 1385 1264 1257 1344 1124 1137 1287 1322 1226 1196 1250 1176 1299 1226 1253 1440 1066 1073 1114 1371 1343 1098 1220 1084 1228 1287 1318 1312 1214 1221 1217 1300 1281 1583 1181 1320 1250 1207 1301 1233 1295 1268 1405 1069 1244 1318 1265 1242 1180 1170
1302 1533 1196 1339 1379 1308 1472 1543 987 1227 1322 1509 1331 1265 1708 1315 1155 1426 1226 1074 1374 1549 1317 1266 1236 1170 1168 1206 1465 1335 1042 1200 1192 1417 1263 1142 1258 1250 1261 1464 1412 1276 1327 1293 1451 1331 1328 1802 1445 1503 1449 1164 1391 1118 1361 1359 1495 1037 1214 1313 1305 1396 1353 1287
1465 1434 1376 1252 1268 1374 1435 1584 1084 1283 1223 1476 1359 1228 1568 1296 1357 1457 1221 1270 1436 1420 1256 1390 1265 1194 1415 1230 1447 1500 1229 1108 1129 1434 1364 1188 1323 1141 1309 1438 1484 1204 1394 1338 1282 1319 1391 1767 1504 1326 1420 1261 1424 1148 1434 1412 1500 1256 1240 1357 1346 1245 1274 1199
1318 1432 1285 1255 1330 1416 1539 1399 960 1204 1258 1487 1239 1344 1501 1330 1187 1392 1116 1064 1330 1410 1304 1186 1297 1220 1212 1238 1513 1468 1083 1015 1143 1277 1404 1161 1207 1078 1184 1385 1385 1288 1281 1360 1394 1359 1370 1706 1374 1357 1419 1222 1297 1227 1306 1370 1420 1194 1268 1312 1371 1225 1181 1211
1393 1565 1414 1489 1414 1457 1557 1607 1102 1349 1299 1506 1225 1331 1691 1473 1333 1523 1303 1193 1510 1508 1439 1281 1277 1261 1473 1305 1471 1379 1188 1151 1356 1354 1340 1260 1397 1302 1546 1568 1407 1390 1315 1380 1432 1355 1455 1774 1557 1351 1456 1258 1451 1293 1494 1446 1507 1243 1439 1414 1576 1429 1278 1291
1470 1599 1327 1468 1546 1303 1500 1584 1085 1340 1360 1490 1435 1382 1648 1326 1343 1462 1302 1160 1525 1521 1389 1338 1333 1273 1467 1211 1455 1497 1293 1077 1314 1607 1403 1381 1340 1359 1409 1584 1426 1407 1524 1491 1381 1430 1447 1711 1593 1541 1512 1427 1554 1281 1495 1404 1667 1274 1378 1317 1576 1404 1314 1358
1210 1448 1184 1138 1207 1277 1417 1410 1040 1157 1176 1500 1264 1224 1491 1209 1123 1358 1187 1036 1307 1285 1239 1148 1253 1149 1086 1162 1384 1354 1064 1006 1171 1366 1212 1060 1104 1249 1256 1291 1306 1235 1242 1330 1222 1241 1235 1659 1360 1427 1328 1011 1334 1102 1194 1255 1491 1087 1289 1274 1251 1286 1128 1249
1272 1401 1248 1322 1255 1401 1357 1381 1064 1195 1071 1346 1160 1209 1311 1284 1210 1408 1191 1113 1290 1265 1232 1139 1316 1167 1402 1200 1329 1370 1088 1068 1236 1286 1385 1139 1274 1087 1227 1401 1323 1268 1263 1287 1205 1285 1304 1517 1314 1230 1199 1388 1397 1266 1448 1281 1374 1157 1236 1187 1314 1242 1127 1196
1340 1383 1215 1273 1310 1346 1426 1483 1087 1185 1220 1362 1279 1302 1335 1337 1093 1466 1210 1095 1291 1331 1238 1224 1198 1083 1402 1205 1385 1345 1209 1016 1210 1316 1349 1203 1207 1234 1329 1346 1453 1233 1350 1383 1292 1277 1434 1617 1540 1334 1422 1184 1432 1150 1311 1287 1403 1139 1305 1196 1354 1345 1260 1240
1276 1416 1187 1291 1319 1420 1273 1514 1041 1320 1225 1396 1275 1261 1504 1275 1164 1357 1141 963 1363 1425 1228 1244 1276 1200 1340 1292 1321 1483 1208 1056 1188 1509 1361 1145 1303 1133 1348 1476 1381 1233 1297 1191 1387 1320 1376 1610 1581 1311 1448 1203 1352 1276 1452 1365 1533 1219 1392 1244 1416 1336 1265 1230
1166 1277 1138 1316 1180 1305 1272 1407 1014 1199 1178 1405 1141 1096 1331 1311 1246 1261 1128 1013 1287 1284 1090 1197 1067 1141 1198 1291 1199 1342 1136 1006 1083 1230 1196 1181 1116 989 1165 1273 1325 1277 1335 1245 1279 1127 1249 1606 1326 1259 1216 1207 1379 1076 1205 1275 1266 1209 1195 1109 1116 1301 1173 1126
1358 1481 1213 1320 1324 1435 1431 1543 1096 1306 1303 1517 1237 1307 1514 1286 1130 1412 1198 982 1406 1365 1264 1154 1262 1211 1210 1410 1316 1523 1137 1140 1121 1455 1247 1202 1137 1167 1263 1265 1454 1241 1331 1325 1229 1403 1236 1711 1402 1465 1335 1066 1380 1167 1280 1336 1430 1032 1311 1296 1280 1321 1258 1235
1303 1470 1259 1289 1136 1340 1342 1314 982 1199 1233 1319 1238 1216 1458 1281 1118 1426 1171 1029 1313 1286 1194 1105 1234 1069 1228 1227 1322 1393 1033 1116 1151 1380 1353 1157 1213 1096 1179 1431 1350 1210 1249 1281 1116 1242 1280 1600 1386 1324 1240 1177 1204 1228 1435 1200 1439 1119 1169 1208 1168 1232 1204 1131
1339 1374 1286 1363 1330 1453 1356 1522 1118 1316 1246 1459 1419 1323 1409 1307 1117 1449 1155 1155 1296 1277 1358 1375 1309 1247 1368 1291 1476 1381 1256 1113 1402 1367 1413 1259 1198 1046 1202 1311 1438 1247 1406 1402 1351 1370 1231 1632 1577 1268 1294 1267 1366 1186 1432 1265 1475 1151 1242 1324 1403 1269 1251 1287
1167 1305 1082 1224 1063 1091 1234 1312 959 1071 1101 1109 952 987 1279 1146 955 1274 939 913 1187 1094 1002 1046 868 955 1085 1104 1151 1220 913 923 1024 1041 1082 1024 986 1041 1011 1168 1102 1020 1041 1154 1026 1156 1199 1496 1173 1137 1204 996 1097 949 1188 1087 1217 994 1071 1102 1078 1104 1097 921
1356 1488 1311 1548 1410 1439 1410 1480 971 1194 1341 1471 1177 1263 1515 1409 1244 1274 1226 1144 1303 1446 1267 1312 1147 1213 1458 1231 1313 1313 1207 1170 1225 1211 1329 1270 1324 1288 1200 1466 1295 1247 1217 1353 1305 1286 1369 1762 1554 1175 1432 1302 1389 1116 1382 1463 1424 1296 1194 1107 1338 1373 1295 1213
1432 1625 1426 1473 1526 1603 1736 1719 1176 1386 1338 1713 1479 1473 1655 1501 1415 1535 1335 1297 1480 1564 1538 1395 1497 1396 1425 1459 1606 1510 1453 1258 1418 1587 1568 1392 1456 1268 1373 1553 1616 1404 1505 1414 1592 1578 1590 1916 1619 1517 1427 1566 1518 1466 1601 1540 1717 1373 1466 1441 1578 1366 1342 1405
1213 1298 1310 1344 1271 1436 1504 1446 1014 1120 1203 1430 1258 1293 1625 1316 1212 1487 1278 995 1423 1321 1409 1188 1289 1234 1405 1333 1462 1382 1175 1134 1305 1380 1406 1167 1166 1189 1296 1420 1406 1362 1318 1316 1358 1225 1224 1669 1502 1364 1299 1134 1368 1257 1484 1298 1505 1198 1321 1172 1308 1323 1256 1242
1099 1114 1044 1141 1103 1122 1147 1267 878 1118 1161 1323 1079 1088 1142 1193 1037 1163 1028 939 1124 1070 1056 920 987 981 975 1113 1146 1105 939 1032 967 1123 1149 992 1138 1026 1066 1183 1355 966 1105 1061 1154 1155 1181 1335 1129 1107 1215 924 1099 944 1200 1208 1177 910 987 968 1151 1030 1100 929
1274 1408 1187 1260 1330 1369 1363 1188 899 1156 1218 1403 1286 1145 1429 1325 1193 1335 1191 995 1238 1308 1216 1130 1249 1163 1305 1147 1367 1321 1135 1053 1057 1326 1266 1134 1218 1136 1219 1423 1272 1235 1271 1352 1159 1160 1364 1707 1497 1231 1415 1042 1270 1058 1397 1258 1312 1153 1105 1225 1285 1219 1177 1111
1070 1309 1168 1193 1153 1206 1191 1416 908 1090 1215 1316 1134 1102 1258 1162 1042 1078 1045 1017 1208 1236 1141 1143 1037 952 1140 990 1226 1117 984 1083 1006 1149 1278 999 1208 1044 1018 1237 1170 998 1031 1124 1140 1201 1110 1562 1265 1123 1091 1069 1229 1046 1148 1261 1327 1102 1059 1067 1185 1194 1105 1028
1318 1425 1300 1404 1298 1289 1348 1393 936 1423 1270 1419 1382 1321 1601 1368 1239 1492 1131 1047 1444 1239 1297 1297 1088 1206 1392 1288 1353 1354 1117 988 1306 1450 1468 1265 1139 1220 1240 1511 1401 1427 1582 1296 1391 1280 1347 1538 1357 1426 1403 1324 1297 1193 1532 1303 1539 1132 1293 1151 1340 1265 1244 1383
1253 1498 1256 1428 1366 1527 1390 1539 996 1245 1348 1438 1189 1248 1474 1283 1244 1320 1150 1225 1256 1443 1245 1256 1188 1332 1241 1226 1262 1460 1040 1311 1185 1268 1381 1190 1293 1266 1161 1364 1366 1170 1262 1338 1323 1265 1466 1681 1456 1315 1430 1319 1469 1181 1308 1518 1449 1212 1252 1266 1315 1386 1234 1176
1208 1213 1164 1234 1167 1172 1245 1319 944 1122 1208 1283 1114 1195 1255 1231 977 1267 1079 989 1137 1169 1058 1068 1119 1069 1126 1230 1243 1250 963 868 1044 1136 1246 1117 1177 968 1190 1178 1131 1129 1161 1187 1103 1251 1220 1406 1273 1156 1247 1158 1256 995 1250 1203 1247 973 1115 998 1323 1237 1028 1020
1336 1312 1105 1233 1168 1159 1252 1415 910 1229 1147 1360 1246 1097 1250 1202 1125 1264 1087 978 1364 1214 1223 1128 1105 1103 1230 1105 1194 1272 1079 979 1156 1275 1243 1109 1231 1225 1297 1424 1401 1144 1336 1314 1227 1145 1337 1504 1453 1267 1301 1077 1234 1158 1267 1229 1356 1086 1158 1192 1135 1196 1219 1157
1142 1136 1036 954 1055 1087 1120 1174 848 859 1040 1181 1154 997 1160 1070 1079 1167 942 1027 1024 1151 1068 1012 1042 936 1131 1016 1113 1280 970 1010 1006 1142 1137 1045 1070 957 1066 1127 1170 1116 973 1221 1092 1040 1160 1380 1137 1024 1180 1071 1167 1072 1134 1031 1192 921 1010 942 1102 1047 1031 932
1428 1594 1330 1428 1343 1516 1565 1677 1248 1485 1319 1587 1394 1374 1509 1386 1255 1659 1331 1177 1527 1437 1305 1223 1447 1261 1422 1424 1516 1500 1289 1117 1353 1431 1630 1319 1389 1240 1413 1648 1531 1402 1502 1475 1458 1482 1616 1789 1567 1515 1468 1461 1539 1389 1437 1409 1569 1350 1441 1487 1462 1320 1300 1355
1339 1424 1186 1315 1448 1362 1469 1457 1066 1240 1211 1480 1287 1137 1565 1315 1203 1482 1160 1172 1415 1344 1390 1271 1326 1239 1316 1318 1411 1421 1119 1086 1249 1402 1300 1132 1172 1201 1304 1407 1467 1234 1408 1402 1334 1330 1266 1634 1501 1260 1448 1228 1484 1184 1399 1384 1323 1219 1244 1284 1391 1373 1311 1228
1370 1563 1203 1407 1449 1324 1443 1595 1042 1187 1256 1513 1278 1225 1349 1447 1213 1295 1227 1026 1413 1344 1196 1180 1282 998 1281 1224 1491 1316 1092 1039 1148 1273 1254 1226 1133 1072 1258 1382 1474 1326 1362 1347 1265 1360 1243 1739 1435 1384 1355 1145 1370 1058 1259 1201 1352 1241 1251 1179 1370 1339 1240 1210
1387 1519 1374 1529 1390 1449 1515 1466 1045 1257 1375 1570 1178 1313 1596 1362 1378 1325 1202 1170 1411 1429 1283 1197 1370 1264 1343 1253 1372 1382 1160 1143 1188 1277 1380 1229 1359 1316 1143 1373 1413 1337 1194 1338 1351 1330 1475 1784 1472 1427 1412 1274 1295 1248 1415 1429 1486 1286 1292 1264 1399 1324 1260 1208
1315 1635 1333 1546 1503 1599 1613 1565 1090 1250 1386 1573 1326 1261 1531 1435 1229 1539 1199 1069 1520 1501 1363 1321 1379 1202 1328 1372 1600 1533 1187 1232 1259 1483 1501 1318 1340 1205 1354 1472 1392 1444 1373 1492 1432 1406 1572 1915 1616 1453 1430 1284 1584 1351 1448 1429 1627 1412 1330 1386 1399 1577 1354 1254
1353 1659 1267 1569 1417 1480 1526 1708 1241 1430 1360 1565 1306 1368 1526 1465 1141 1467 1262 1104 1372 1357 1372 1177 1370 1373 1242 1392 1509 1545 1225 1266 1368 1421 1400 1348 1301 1193 1336 1475 1567 1283 1358 1397 1408 1489 1447 1903 1661 1460 1471 1395 1474 1280 1400 1467 1613 1343 1427 1445 1442 1416 1349 1271
1205 1319 1164 1221 1166 1231 1257 1388 954 1248 1142 1277 1337 1126 1361 1272 1102 1464 1016 1066 1189 1224 1254 1229 1099 1271 1331 1294 1316 1392 1132 1038 1236 1297 1271 1152 1214 952 1281 1384 1333 1249 1345 1283 1264 1200 1259 1549 1402 1187 1274 1358 1330 1196 1381 1258 1172 1009 1098 1161 1240 1285 1100 1222
1186 1392 1116 1223 1291 1243 1349 1434 1079 1274 1162 1258 1211 1185 1390 1208 1023 1224 1046 1017 1168 1374 1275 1175 1226 1150 1242 1289 1152 1336 1122 899 1151 1363 1244 1087 1161 1050 1317 1295 1284 1268 1238 1148 1247 1237 1264 1455 1369 1266 1341 1209 1246 1125 1256 1265 1324 1066 1256 1189 1284 1195 1220 1186
1207 1224 1043 1113 1150 1137 1203 1275 938 1124 1071 1224 1209 906 1368 1006 1039 1278 1017 1078 1322 1148 1282 1239 1084 1026 1224 1101 1126 1163 1036 966 1069 1231 979 1034 961 1044 1101 1237 1305 1096 1174 1060 1133 1082 982 1334 1325 1212 1261 1081 1178 1027 1151 1009 1213 998 1072 1017 1126 1088 1238 1085
1106 1265 1068 1284 1234 1132 1304 1285 954 1154 1108 1289 1111 1165 1272 1215 1009 1266 1016 1072 1217 1207 1172 1074 1130 1191 1167 1203 1205 1377 1087 1038 992 1197 1165 1105 1175 963 1211 1162 1325 1035 1165 1215 1257 1143 1298 1425 1352 1291 1296 1110 1258 1083 1312 1338 1303 1183 1035 1025 1166 1246 1265 1061
1114 1352 1067 1167 1192 1193 1203 1408 884 1102 1119 1320 1148 960 1285 1180 1100 1274 1061 1025 1251 1354 1179 1100 1070 991 1093 1102 1154 1240 1007 975 1061 1254 1186 1067 1198 990 1201 1343 1289 1017 1232 1100 1230 1138 1265 1439 1209 1180 1234 1158 1261 1076 1232 1207 1343 1152 1081 1106 1187 1151 1189 1057
1083 1267 994 1169 1079 1242 1118 1274 801 1129 1060 1364 1138 945 1244 1071 1167 1373 926 953 1177 1161 1086 1146 1001 1086 1156 1175 1216 1156 1001 919 1030 1221 1168 1178 1147 1017 1113 1169 1283 1206 1124 1183 1237 1192 1137 1463 1136 1170 1255 1181 1161 967 1306 1189 1199 1016 1035 997 1154 1161 1128 1121
1325 1515 1274 1251 1299 1360 1449 1530 1062 1293 1285 1536 1340 1238 1484 1272 1194 1461 1144 1105 1411 1381 1292 1339 1341 1345 1213 1312 1422 1405 1109 1081 1142 1322 1311 1118 1163 1164 1210 1451 1501 1220 1322 1312 1333 1398 1416 1680 1503 1359 1541 1166 1307 1152 1365 1312 1366 1258 1270 1360 1356 1282 1167 1166
1060 1331 1049 1236 1024 1140 1181 1220 964 1140 1110 1266 1060 1133 1224 1159 1000 1230 968 959 1240 1135 1089 972 1031 1075 1117 1127 1041 1293 987 966 1095 1245 1093 1018 963 945 1117 1288 1211 1127 1196 1083 1107 1209 1105 1312 1191 1222 1074 1047 1150 1061 1201 1102 1252 1028 1149 1041 1025 1197 1046 1092
1135 1334 1145 1243 1265 1285 1224 1456 899 1151 1187 1253 1314 1104 1413 1133 997 1340 1008 953 1256 1298 1239 1313 1024 1040 1222 1188 1387 1276 1065 1105 1095 1252 1129 1005 1150 1115 1259 1332 1263 1059 1065 1244 1275 1199 1128 1617 1454 1223 1351 1081 1243 1054 1193 1232 1287 1036 1203 1124 1252 1326 1254 1226
1072 1197 992 1033 1010 1055 1204 1282 862 1032 979 1245 1103 1049 1212 1120 989 1198 992 878 1132 1184 1040 1124 911 968 978 1139 1088 1171 988 880 947 1232 1032 934 1076 995 1053 1247 1297 868 1248 1008 1235 1127 1252 1386 1241 1144 1175 966 1178 905 1230 1125 1225 871 1043 1081 1070 1032 1069 1035
1275 1387 1175 1265 1381 1287 1344 1411 961 1273 1147 1423 1218 1302 1364 1266 1197 1326 1266 1138 1353 1375 1162 1073 1229 1245 1273 1158 1285 1460 1083 970 1143 1256 1332 1174 1205 1214 1372 1412 1333 1248 1265 1351 1267 1239 1432 1580 1440 1269 1474 1245 1389 1206 1335 1382 1376 1210 1340 1275 1458 1173 1173 1079
1438 1561 1419 1465 1437 1569 1674 1557 1145 1267 1235 1529 1309 1310 1752 1478 1320 1609 1235 1229 1458 1564 1349 1497 1357 1300 1379 1539 1590 1599 1412 1143 1215 1435 1429 1196 1305 1166 1454 1506 1427 1317 1405 1296 1360 1482 1571 1968 1580 1529 1482 1230 1437 1334 1415 1430 1483 1242 1497 1481 1426 1470 1314 1296
1321 1305 1136 1327 1236 1380 1200 1386 986 1164 1235 1366 1214 1076 1334 1307 1152 1383 1171 982 1209 1226 1080 1210 1123 1163 1258 1310 1209 1360 1178 1021 1136 1152 1166 1228 1230 1128 1300 1372 1296 1214 1230 1277 1187 1221 1277 1622 1450 1148 1397 1199 1294 1134 1343 1267 1182 1106 1261 1134 1310 1314 1177 1127
1243 1326 1172 1324 1296 1314 1340 1325 1048 1050 1189 1391 1259 1265 1343 1421 1117 1325 1201 1104 1240 1249 1219 1101 1253 1084 1266 1316 1314 1376 1210 1114 1234 1316 1313 1182 1187 1039 1231 1324 1285 1285 1340 1229 1212 1224 1282 1684 1408 1328 1157 1093 1404 1184 1191 1220 1352 997 1308 1181 1204 1313 1228 1161
1178 1417 1197 1373 1290 1362 1336 1340 1019 1305 1311 1453 1164 1163 1474 1347 1200 1282 1100 1063 1353 1413 1135 1139 1164 1054 1200 1298 1352 1405 1189 1042 1024 1335 1188 1199 1377 1147 1268 1338 1276 1266 1158 1253 1320 1238 1372 1794 1398 1361 1368 1232 1363 1148 1149 1400 1498 1255 1282 1310 1271 1318 1300 1252
1304 1353 1228 1330 1348 1334 1452 1480 966 1283 1229 1284 1282 1205 1540 1293 1125 1478 1117 1078 1289 1349 1262 1212 1177 1241 1294 1349 1435 1310 1179 1125 1162 1270 1239 1146 1212 1057 1312 1481 1303 1280 1248 1254 1329 1305 1308 1639 1493 1276 1388 1314 1244 1265 1427 1266 1259 1159 1195 1243 1406 1282 1218 1138
1272 1412 1274 1370 1387 1307 1353 1372 1010 1173 1240 1318 1192 1199 1438 1405 1149 1291 1129 1209 1319 1345 1239 1091 1230 1127 1295 1246 1221 1498 1271 1053 1180 1243 1298 1185 1211 1109 1290 1431 1356 1152 1264 1262 1320 1281 1374 1732 1475 1233 1363 1225 1351 1226 1258 1351 1464 1234 1302 1289 1296 1304 1240 1237
1204 1383 1266 1198 1276 1223 1323 1358 968 1223 1173 1376 1214 1261 1267 1261 1188 1298 1079 1150 1241 1367 1172 1311 1183 1149 1300 1178 1404 1405 1179 897 1043 1327 1341 1182 1210 1005 1197 1274 1354 1240 1241 1230 1250 1279 1288 1602 1325 1292 1295 1284 1231 1121 1277 1245 1305 1165 1267 1177 1440 1241 1109 1130
1453 1645 1206 1532 1514 1552 1558 1656 1239 1327 1429 1619 1435 1220 1528 1510 1259 1569 1260 1162 1421 1507 1431 1319 1435 1342 1466 1492 1405 1629 1247 1180 1315 1532 1423 1411 1363 1182 1490 1567 1503 1543 1493 1616 1462 1445 1505 1877 1570 1443 1496 1505 1605 1338 1407 1471 1400 1255 1287 1411 1342 1572 1471 1372
1261 1259 1211 1185 1218 1493 1393 1412 987 1190 1207 1397 1334 1262 1428 1304 1228 1404 1203 1183 1247 1332 1155 1275 1263 1133 1279 1432 1352 1277 1141 1030 1193 1270 1317 1160 1207 1069 1141 1383 1359 1306 1293 1250 1353 1310 1258 1612 1401 1222 1286 1258 1318 1184 1367 1274 1343 1103 1288 1210 1408 1164 1107 1092
1295 1216 1224 1303 1303 1276 1291 1457 754 1137 1112 1354 1338 1217 1389 1296 1164 1285 1186 1086 1421 1314 1236 1258 1128 1101 1299 1167 1387 1298 1129 909 1164 1202 1179 1077 1211 1125 1328 1245 1315 1150 1298 1188 1164 1181 1247 1625 1504 1242 1262 1066 1245 1076 1399 1313 1298 1049 1193 1083 1305 1246 1155 1096
1348 1450 1273 1439 1409 1477 1449 1668 1126 1418 1420 1589 1480 1392 1554 1503 1233 1517 1212 1175 1413 1494 1310 1374 1198 1337 1408 1386 1549 1438 1310 1202 1303 1408 1379 1188 1305 1288 1452 1468 1472 1382 1379 1500 1461 1380 1480 1707 1567 1397 1510 1247 1408 1268 1430 1580 1428 1231 1245 1323 1425 1459 1340 1323
1179 1305 1163 1293 1233 1321 1394 1393 903 1126 1206 1316 1142 1168 1399 1302 1147 1326 1191 1012 1307 1376 1211 1158 1188 1210 1316 1240 1215 1242 1086 990 1081 1162 1241 1052 1182 1057 1232 1349 1314 1141 1240 1275 1183 1143 1317 1580 1451 1218 1259 1060 1262 1136 1398 1329 1175 1237 1117 1092 1205 1359 1152 1016
1143 1241 1178 1165 1230 1200 1262 1338 1000 973 1155 1186 1056 1009 1283 1120 1059 1272 1056 1107 1179 1317 1142 1133 999 970 1207 1161 1089 1263 1045 901 1088 1035 1320 1091 1095 984 1150 1282 1248 1083 1120 1143 1182 1110 1323 1420 1284 1074 1230 1203 1170 1124 1183 1057 1151 883 1086 1048 1213 1217 1171 1081
1368 1365 1241 1577 1380 1330 1461 1469 1054 1317 1158 1409 1259 1220 1471 1370 1134 1593 1175 1039 1469 1449 1452 1283 1371 1303 1499 1383 1551 1463 1249 1056 1282 1434 1332 1250 1332 1151 1425 1472 1450 1386 1319 1404 1357 1406 1268 1747 1396 1411 1333 1396 1423 1196 1575 1437 1454 1236 1246 1284 1472 1377 1417 1258
1227 1303 1141 1218 1236 1382 1270 1471 974 1188 1170 1387 1318 1182 1367 1216 1020 1238 1152 967 1201 1253 1219 1208 1145 1068 1190 1077 1278 1198 1019 1017 1195 1335 1291 1147 1165 1087 1213 1205 1194 1170 1251 1249 1240 1134 1184 1630 1461 1182 1192 1156 1307 1173 1237 1218 1439 1007 1251 1227 1308 1195 1182 1088
