0 0 1 0 24 0 0 33 10 0 40 16 5 0 0 5 0 10 0 1 0 7 0 26 0 4 0 4 0 14 0 0 0 8 6 0 8 0 0 0 0 0 0 45 0 6 0 0 29 108 0 0 0 3 8 34 10 0 14 0 2 68 46 0
0 0 24 28 0 20 0 0 3 0 0 0 24 0 9 0 36 36 5 0 0 0 0 0 0 0 0 0 0 0 12 16 0 0 38 36 0 42 4 37 7 90 0 0 0 61 0 4 0 11 0 8 0 0 8 28 0 0 9 6 1 0 0 69
0 30 16 0 0 56 0 0 2 0 0 0 0 0 40 10 24 36 15 0 5 0 24 0 0 0 0 24 0 0 0 0 0 0 24 25 0 4 0 19 21 12 0 0 0 4 0 0 40 57 0 24 0 0 0 0 0 0 0 18 0 0 40 0
0 0 0 54 0 24 0 0 8 0 0 0 6 40 0 14 0 0 8 0 48 0 0 0 0 0 66 0 0 0 40 32 72 0 0 0 82 0 20 72 18 0 0 0 0 0 0 0 30 0 0 0 0 0 0 0 0 0 0 0 0 0 0 0
0 0 4 0 0 0 0 15 0 0 0 0 0 0 0 0 0 0 0 4 0 0 0 0 0 16 0 0 0 0 0 0 0 0 0 0 0 0 0 0 0 0 0 25 0 24 0 0 15 20 0 0 0 0 0 0 0 0 0 0 0 30 0 0
0 0 0 0 0 12 0 0 0 0 6 0 0 0 0 0 32 0 10 0 0 0 0 0 2 0 0 0 0 0 21 7 0 0 16 0 0 32 0 0 0 64 0 0 0 56 0 0 0 16 0 0 0 0 0 0 0 0 8 0 0 0 0 56
40 0 0 0 0 36 0 0 0 4 0 0 36 0 0 0 0 7 0 0 0 0 0 0 0 0 0 0 0 0 0 0 0 0 0 0 0 0 6 0 10 0 0 0 0 0 0 0 3 0 0 0 8 24 12 0 1 0 0 15 0 0 0 0
8 0 13 48 16 0 0 0 0 0 32 0 40 0 93 8 0 1 0 5 0 56 0 0 40 20 0 0 0 0 0 0 0 0 0 0 0 0 0 0 2 0 0 0 0 35 0 0 0 0 0 0 0 28 40 0 0 24 0 3 21 0 0 30
0 0 0 24 0 56 0 0 0 0 0 0 0 0 40 0 52 0 0 42 0 0 24 0 0 0 0 24 0 0 0 28 0 0 38 0 0 28 0 0 0 56 0 0 18 42 0 0 0 68 0 0 36 0 6 0 0 5 25 0 0 0 0 49
12 0 64 0 45 28 0 27 45 0 0 85 0 0 0 18 0 45 0 64 0 0 0 3 0 0 9 18 8 99 0 0 0 36 48 9 36 0 0 8 0 4 0 0 0 0 64 0 81 24 10 0 0 16 0 17 45 0 0 0 0 79 27 0
0 0 8 21 0 15 0 0 0 0 0 0 18 0 0 0 0 9 0 43 0 35 0 0 0 32 0 0 0 0 43 14 10 0 15 27 0 6 5 40 0 0 21 0 0 48 0 3 0 24 0 35 10 0 6 84 0 0 0 0 14 0 14 0
20 9 16 21 0 24 0 0 30 20 25 0 0 30 54 0 0 8 6 51 36 0 0 59 0 28 30 0 99 0 30 56 54 0 20 0 56 28 0 54 0 0 0 0 0 6 42 0 12 45 7 0 32 21 32 20 4 0 0 0 6 0 25 36
0 0 28 0 25 9 8 15 25 9 29 40 6 0 9 26 0 25 25 0 10 5 0 20 2 0 42 28 3 37 32 16 0 47 0 9 21 0 0 0 40 0 0 10 0 80 0 7 5 60 0 40 31 0 84 25 35 71 68 30 74 56 43 42
0 54 0 12 6 0 0 0 55 52 30 0 0 35 0 0 0 0 7 0 42 0 4 12 32 0 21 10 0 0 64 3 63 18 36 0 75 6 0 63 16 0 0 0 0 0 0 0 0 54 42 0 0 30 0 24 0 0 0 0 0 10 30 0
5 0 5 27 0 12 0 7 4 0 0 0 33 0 60 0 0 0 0 5 0 25 0 0 0 11 105 0 52 0 0 98 0 0 14 0 4 0 10 0 19 0 0 0 0 56 0 42 15 30 0 0 0 0 8 0 0 0 20 0 5 25 0 30
5 0 10 0 6 0 0 5 12 5 2 0 0 40 0 0 0 0 11 10 48 0 0 7 1 31 72 0 29 0 44 0 72 0 13 0 72 0 0 72 0 0 0 0 0 36 0 5 3 0 0 0 0 0 14 0 5 0 7 0 6 8 0 9
0 36 24 6 0 0 0 0 3 0 0 0 0 0 99 12 16 48 0 64 36 0 0 0 0 0 0 0 0 0 42 0 0 0 56 30 9 34 6 35 0 50 0 0 0 36 68 0 48 0 0 24 63 0 0 0 0 63 76 0 6 70 48 64
24 0 0 0 0 0 0 0 0 0 0 45 0 0 24 0 0 3 0 0 0 2 0 27 6 0 99 0 3 0 0 0 5 0 0 81 0 3 1 0 6 57 0 0 0 24 5 0 72 15 18 0 5 12 0 0 0 9 0 9 7 0 21 0
32 0 0 0 0 0 0 4 0 16 15 45 0 0 56 0 0 0 20 0 0 0 0 33 8 0 137 0 16 0 0 0 0 0 8 81 0 28 0 12 28 76 20 0 24 32 0 36 72 39 18 32 0 0 54 12 0 45 0 24 0 0 43 0
48 6 0 8 12 34 0 0 0 0 12 0 42 0 0 8 0 10 20 14 1 42 0 0 4 0 0 0 48 0 0 0 5 0 0 5 0 3 3 1 12 0 24 0 18 16 0 0 62 89 0 0 17 42 4 0 0 0 6 18 67 42 8 0
0 0 18 0 40 54 30 42 40 0 27 64 0 0 0 56 0 40 45 45 0 45 0 0 9 0 0 16 0 56 36 0 0 32 0 0 67 0 0 36 0 0 27 30 0 60 0 0 26 96 0 45 18 0 0 89 40 0 48 0 6 92 42 18
0 0 2 12 27 23 0 0 0 84 8 0 0 0 84 19 0 6 0 40 0 40 18 0 82 0 15 10 0 0 41 0 25 78 0 0 2 15 5 32 72 0 24 0 0 23 0 0 9 45 0 40 49 12 10 72 3 6 0 0 73 45 16 48
0 58 0 0 0 6 0 18 0 0 0 0 0 15 0 6 0 10 27 0 0 0 0 0 0 0 33 12 0 0 0 56 10 63 0 0 0 0 0 0 0 0 9 0 0 18 0 0 0 40 0 0 0 45 0 0 0 0 0 0 36 0 0 0
0 0 2 26 0 0 0 0 0 0 8 0 0 0 52 0 0 6 0 0 0 0 18 0 29 0 30 0 0 0 0 6 24 0 10 18 0 27 0 8 0 35 0 35 0 40 0 2 0 4 0 0 0 0 10 14 0 12 24 0 16 0 39 0
0 48 0 38 27 36 0 6 0 72 18 0 0 5 0 14 0 28 39 42 15 0 18 0 78 0 5 0 0 0 9 0 0 63 0 35 0 0 0 7 86 0 3 0 18 24 0 0 56 48 0 0 36 0 0 0 0 0 18 6 0 45 56 0
12 0 0 0 18 0 72 0 0 97 0 0 0 0 54 0 0 0 0 0 0 0 4 64 16 18 0 0 0 18 20 0 0 14 6 97 0 0 14 0 43 0 0 14 0 0 0 0 0 0 0 0 63 0 8 0 0 0 14 0 0 10 27 0
0 40 64 0 0 35 0 9 8 0 0 20 0 0 25 0 15 74 0 0 0 0 15 12 0 0 108 15 36 0 0 56 10 45 33 36 0 16 0 56 0 64 0 0 0 16 8 9 32 70 8 0 36 45 0 0 0 0 0 0 0 0 0 0
60 0 0 0 24 56 0 0 0 42 0 16 30 0 0 34 0 0 6 0 0 42 14 0 35 54 0 0 16 72 58 63 8 28 0 48 4 9 42 0 32 0 0 49 0 0 0 0 6 45 0 0 0 50 0 0 0 2 8 0 12 20 0 0
0 135 56 43 12 0 0 0 72 36 0 0 0 0 0 18 0 51 0 0 49 0 0 10 0 0 0 0 0 0 56 15 0 0 85 90 18 16 8 29 0 0 0 35 0 0 70 5 128 31 70 32 63 45 8 42 0 0 14 0 40 72 82 0
0 0 0 0 21 18 0 0 0 24 9 0 30 0 45 6 0 0 15 0 0 42 6 0 27 0 0 0 16 0 3 0 0 21 0 0 0 0 0 0 24 0 8 0 4 17 0 0 18 40 0 0 0 18 0 0 0 0 0 0 33 29 0 30
40 12 32 90 30 60 78 30 62 78 0 48 6 10 36 52 0 57 18 73 5 25 0 36 0 56 76 12 72 54 27 27 0 24 37 99 59 2 1 42 36 0 21 0 0 0 0 5 54 10 0 29 90 24 118 86 36 45 0 0 0 55 46 0
0 0 0 0 0 20 0 0 8 20 0 0 24 40 0 0 0 0 20 0 48 0 0 0 0 0 24 0 64 0 40 0 72 0 0 0 72 0 4 72 0 0 32 0 16 0 0 0 84 64 0 0 0 0 8 0 0 0 0 0 64 56 0 0
0 0 16 94 0 0 24 0 0 24 0 0 0 0 0 32 0 0 0 35 68 8 0 49 32 0 0 20 75 0 36 56 0 8 14 0 28 40 0 0 49 0 0 40 0 48 62 0 0 24 0 0 0 0 80 0 0 108 0 21 0 0 0 0
42 40 40 0 0 48 0 0 0 8 36 0 0 0 0 0 0 14 30 0 0 0 18 18 24 63 45 0 0 0 99 28 34 45 0 56 0 27 49 0 0 0 0 70 0 24 54 0 46 83 5 0 79 53 18 5 47 6 24 0 54 72 0 81
0 0 15 19 6 0 0 0 0 53 0 0 18 0 9 18 0 0 15 0 35 15 10 36 32 0 15 10 9 0 69 24 0 18 0 0 0 20 7 0 22 0 0 0 0 47 0 21 15 0 0 28 15 0 0 0 0 0 52 0 5 118 0 15
0 0 0 0 0 40 0 0 0 0 0 0 48 0 64 0 0 0 0 0 0 0 6 0 19 0 48 0 64 0 0 0 8 0 0 0 0 9 8 0 0 56 32 7 16 64 14 0 72 64 0 0 63 0 16 0 0 2 8 0 64 56 56 0
0 0 15 28 0 0 0 0 0 0 0 0 0 0 40 3 0 0 0 49 0 0 1 6 0 0 0 0 0 0 0 0 0 0 0 0 8 0 0 0 0 0 0 0 21 20 48 0 0 0 0 0 57 0 0 0 0 56 125 0 5 5 0 15
0 0 0 28 0 15 0 0 0 0 0 0 18 0 0 0 0 0 0 0 47 0 0 0 0 0 0 0 0 0 49 35 25 0 0 0 14 29 50 0 21 0 0 0 0 0 0 0 0 45 0 28 25 0 6 0 0 0 0 9 35 63 0 0
40 48 0 56 0 0 0 55 0 0 0 0 0 40 20 0 0 29 72 0 0 0 0 0 0 0 72 0 16 0 12 28 0 0 48 72 4 0 0 32 10 0 24 5 0 0 24 12 3 20 0 0 0 20 54 56 0 82 32 15 0 6 0 0
0 0 49 0 0 44 0 0 6 0 12 0 18 0 19 6 6 48 20 49 0 29 6 0 4 4 33 18 30 0 0 24 0 18 42 0 0 12 0 48 6 36 0 0 0 79 35 21 0 86 0 0 0 0 24 0 0 86 12 0 36 27 0 0
0 30 8 0 0 0 0 30 0 0 0 0 42 25 21 0 0 0 45 0 0 35 0 0 0 0 60 0 21 0 0 56 0 0 0 0 0 0 0 0 14 0 15 0 0 63 8 49 8 3 1 0 0 0 0 1 0 0 28 0 0 35 0 0
0 0 0 0 0 70 0 18 0 0 57 0 0 0 45 7 27 0 0 32 0 0 27 30 6 0 51 41 0 0 24 0 0 21 51 0 0 0 0 4 0 0 0 79 0 21 0 0 18 159 0 0 0 0 12 36 30 0 0 0 134 92 59 54
0 0 9 0 0 0 0 0 0 0 0 0 0 0 0 0 0 0 0 15 0 15 24 0 12 0 0 0 0 0 12 0 32 0 0 0 0 36 0 12 0 0 9 28 0 12 0 0 0 0 0 15 9 0 9 27 0 17 56 0 3 0 6 9
0 9 0 60 0 0 0 0 8 22 0 0 0 0 56 0 0 0 0 0 24 0 0 0 38 0 42 15 0 0 27 14 0 6 6 0 2 9 0 0 42 49 0 0 0 56 0 0 0 10 7 0 0 5 0 0 0 0 0 18 0 0 49 0
45 0 14 7 8 7 0 0 0 0 0 2 20 0 0 4 0 3 0 0 35 28 0 0 0 63 0 0 2 9 63 3 0 0 5 65 0 0 49 4 0 0 0 84 0 42 0 1 0 2 0 0 0 16 7 7 0 0 0 0 8 0 0 0
0 0 9 63 0 20 0 0 0 0 0 5 5 0 56 49 20 0 40 39 0 8 0 45 14 36 86 0 66 0 0 58 30 0 22 9 7 62 6 0 71 93 0 0 0 140 56 0 33 102 2 64 30 0 0 0 0 36 5 48 42 0 49 35
0 72 0 81 0 36 0 0 64 32 0 0 9 0 0 0 0 0 0 56 0 0 0 0 0 0 63 0 0 0 0 18 20 0 90 0 16 12 4 7 27 0 0 0 0 0 0 0 45 36 56 0 20 40 0 0 0 0 0 0 28 14 0 0
0 0 0 0 20 3 0 12 20 0 2 32 0 0 40 11 0 20 0 40 0 0 0 2 11 0 44 14 0 28 4 0 0 25 30 0 16 0 0 5 0 35 0 0 0 49 0 0 4 0 0 0 0 0 2 4 25 0 0 0 24 46 47 9
45 0 62 107 0 0 18 12 36 0 35 0 0 0 94 24 0 0 0 85 28 0 0 6 41 63 75 0 81 0 0 0 0 0 0 0 21 0 0 0 49 56 0 20 21 92 0 0 12 43 0 0 63 0 97 12 0 15 77 21 7 24 71 21
0 0 31 0 0 0 30 0 0 0 0 0 0 0 0 55 0 0 0 5 25 5 5 30 0 0 0 0 0 0 22 6 0 0 0 0 35 0 0 4 0 0 3 25 0 58 16 0 0 0 0 5 93 0 5 9 0 0 56 0 7 25 2 21
34 16 8 0 0 42 0 0 8 28 0 0 0 0 0 0 0 18 0 8 0 0 12 0 6 50 6 0 18 0 36 0 20 18 0 32 0 18 28 0 0 0 0 42 0 0 0 0 21 0 0 0 56 46 46 0 7 29 16 0 0 0 0 0
56 24 16 4 9 0 36 6 0 24 0 0 0 0 0 76 42 6 0 16 0 0 6 0 24 36 0 0 14 0 3 0 6 48 0 63 102 0 0 0 24 0 0 24 3 54 0 0 69 8 0 0 6 27 0 0 0 0 3 0 0 27 0 0
32 48 4 21 15 5 0 48 0 40 14 0 0 40 0 5 24 0 72 35 0 0 40 63 62 0 90 10 71 0 33 56 40 50 14 36 32 73 0 0 40 0 24 50 0 15 42 0 36 0 0 0 0 0 14 0 35 10 40 0 80 81 2 63
56 81 9 85 0 0 0 0 8 52 20 0 0 0 46 9 28 25 0 0 14 0 3 18 93 0 12 40 0 0 72 0 18 97 20 0 2 52 0 0 21 70 0 10 0 70 0 0 0 0 7 0 0 114 27 0 0 15 7 24 0 15 14 49
8 0 8 15 48 0 0 0 0 4 0 0 0 0 6 35 0 0 0 0 64 0 0 40 0 0 0 0 32 0 56 5 0 0 24 0 7 23 13 3 7 3 21 20 14 24 0 8 36 32 0 32 0 0 36 0 0 0 56 3 32 100 0 0
64 0 0 28 0 30 0 0 0 32 15 0 0 0 48 0 0 12 25 0 0 0 0 0 5 0 0 0 0 0 0 12 0 0 20 36 0 56 0 40 0 24 40 0 48 20 0 68 0 48 0 0 0 0 54 28 0 54 0 0 0 0 0 0
63 42 32 106 48 14 0 0 11 36 0 0 0 35 49 7 12 32 91 0 66 0 0 40 48 0 42 44 0 0 89 0 63 33 30 0 63 38 0 91 91 48 0 0 0 47 0 0 0 21 0 56 0 0 32 0 0 0 59 60 42 0 42 21
32 0 24 28 8 0 32 0 0 52 0 0 26 0 51 4 0 12 0 0 0 33 0 24 0 0 5 0 3 8 0 40 0 0 20 72 8 28 20 28 14 12 20 0 24 9 24 43 24 17 3 0 28 12 0 31 0 0 4 0 8 5 12 0
0 81 0 0 0 0 0 0 72 36 0 0 0 0 0 0 0 0 0 0 0 0 0 0 0 0 0 0 0 0 0 0 15 0 54 0 18 9 3 0 0 0 0 0 0 0 0 0 0 27 63 0 15 45 0 0 0 0 0 0 21 0 0 0
18 0 18 0 0 42 0 0 0 0 30 12 0 0 0 0 0 0 0 0 0 0 0 12 0 0 0 0 12 54 0 0 0 0 0 0 0 0 0 0 0 0 0 14 0 24 0 0 0 54 0 0 18 24 0 24 0 0 48 0 22 0 34 18
0 2 24 0 0 15 0 0 1 0 2 5 18 5 0 0 12 0 1 0 6 0 0 3 0 0 12 0 0 1 5 8 15 0 6 9 9 21 3 9 0 28 2 0 0 18 24 0 32 9 5 0 0 0 6 10 0 0 3 0 0 0 0 21
45 0 38 0 0 36 0 0 36 24 0 0 0 0 0 0 0 12 0 38 0 0 0 0 0 71 27 0 81 0 0 0 0 0 0 0 0 0 0 0 0 0 0 0 0 12 0 0 18 0 0 0 48 24 72 0 6 0 0 0 0 0 0 0
39 0 12 54 21 20 24 0 12 68 0 0 5 0 18 67 0 0 0 27 0 0 14 21 56 21 44 0 54 0 7 34 0 49 6 0 33 33 0 9 71 9 15 0 18 0 18 24 25 0 0 0 0 0 24 0 0 0 0 0 0 35 0 0
128 48 0 68 0 24 0 0 0 0 0 0 4 0 56 0 0 7 56 25 0 25 0 0 0 0 28 0 0 0 20 8 0 0 0 0 0 0 0 20 26 0 15 0 0 0 0 0 20 0 0 25 0 28 0 45 0 0 0 21 0 0 58 0
