11 15 16 18 16 15 21 11 12 17 14 18 16 18 12 23 15 20 17 12 17 16 16 13 13 18 14 20 15 13 17 17 19 14 19 16 16 19 17 19 16 19 17 15 15 18 16 14 16 15 18 15 17 14 14 15 16 9 13 14 19 16 14 17
14 14 12 13 12 11 13 9 11 10 9 15 11 16 10 15 10 11 12 12 13 18 13 14 15 17 10 13 14 10 10 13 13 11 19 10 7 11 16 13 17 11 15 16 10 18 16 11 9 10 11 15 11 14 9 16 9 8 10 8 18 13 13 11
19 18 16 17 15 16 17 19 19 12 14 18 17 20 15 20 17 17 18 17 17 20 16 14 15 19 14 21 18 15 14 16 19 16 24 17 14 20 25 18 17 17 16 18 19 23 18 17 14 18 16 20 17 20 19 18 17 9 14 15 19 18 15 19
20 22 17 19 18 18 21 18 21 15 19 18 19 19 16 24 18 22 22 19 19 26 17 14 18 20 17 22 15 16 20 18 23 14 27 18 20 25 26 20 23 21 17 22 20 27 20 18 18 19 18 22 15 22 19 19 17 13 17 16 20 18 18 22
20 17 15 18 16 16 14 15 19 17 13 19 13 18 14 18 14 16 20 13 19 18 16 16 16 23 16 20 17 14 17 15 18 14 21 13 15 19 22 17 17 18 18 17 15 22 20 13 16 18 22 19 18 22 16 17 15 9 13 12 17 16 18 17
16 17 14 19 17 13 14 14 18 13 11 17 18 21 13 22 13 14 12 12 15 16 16 10 16 18 14 18 15 14 15 13 14 13 21 13 14 18 20 19 17 16 16 16 12 19 18 14 15 15 19 16 18 16 13 15 14 15 13 14 18 14 14 18
15 18 15 14 19 15 18 21 17 14 11 16 19 19 12 23 15 21 14 17 15 24 20 12 16 18 16 19 17 12 15 16 20 15 22 15 14 19 20 18 24 19 15 16 19 22 19 13 12 20 15 19 15 19 16 15 17 12 16 10 23 17 16 15
18 17 17 21 19 18 20 17 17 16 18 18 18 15 14 23 14 17 19 17 21 22 20 20 20 18 13 19 13 14 19 20 22 10 23 16 17 21 22 22 23 20 21 17 15 24 19 17 16 20 15 23 19 20 15 12 12 15 13 17 23 17 15 18
13 16 18 15 16 17 19 13 16 16 18 16 19 18 14 24 13 18 16 15 16 21 14 17 15 20 11 16 17 15 19 16 19 13 22 15 12 20 20 16 21 20 17 17 13 19 19 14 15 16 15 21 14 19 14 20 13 13 12 14 18 15 12 15
14 17 19 16 18 16 20 17 14 18 12 17 21 24 15 22 15 20 16 18 20 19 15 17 14 26 16 21 19 16 17 19 20 16 23 19 13 21 21 22 19 18 18 19 19 22 19 16 17 19 16 21 18 23 16 19 16 11 14 15 20 17 15 19
22 18 22 19 12 18 19 20 19 16 16 14 16 18 15 23 18 17 19 14 21 25 15 18 17 21 10 20 17 17 18 17 20 9 24 15 17 20 21 20 20 15 20 20 15 21 24 19 17 19 19 20 19 24 21 18 12 12 12 19 21 18 16 20
13 17 20 17 18 17 19 18 17 16 17 15 18 16 14 22 15 18 13 13 19 19 16 16 12 17 14 17 14 17 18 20 19 10 21 12 15 19 19 17 17 20 17 15 17 22 20 14 14 18 16 21 20 19 17 17 18 8 15 16 21 18 17 23
19 19 16 16 13 14 13 18 17 12 17 17 18 16 17 18 17 17 22 19 18 22 15 16 15 19 15 22 18 15 15 15 22 13 21 17 15 21 23 18 22 21 16 17 15 22 20 20 12 16 16 21 13 21 15 18 13 11 14 14 20 15 17 19
20 18 17 22 16 19 22 16 19 16 18 16 18 19 21 20 16 20 22 22 22 26 20 22 16 20 12 21 17 20 15 18 21 13 25 17 15 20 21 18 22 16 22 23 18 22 20 21 18 20 21 22 20 21 18 19 15 14 16 17 23 19 19 20
22 18 18 20 16 18 22 19 20 13 16 16 19 20 16 24 14 18 19 20 19 28 19 17 23 20 15 19 19 12 16 19 20 14 28 15 15 19 22 20 20 18 20 20 20 23 22 18 15 18 19 23 17 20 19 17 15 18 13 11 22 20 16 20
18 22 18 15 13 15 13 14 18 14 18 18 17 19 13 19 16 18 19 11 15 19 15 18 14 18 14 22 18 15 20 18 20 13 22 16 19 23 23 15 20 19 18 18 13 20 20 17 12 17 19 20 20 19 15 19 10 8 14 12 20 14 17 14
15 16 16 13 14 16 17 14 14 14 13 14 15 19 12 17 14 17 14 13 15 18 15 12 17 15 12 15 18 11 16 12 17 11 19 12 15 17 16 17 18 18 13 12 13 16 17 16 14 15 14 18 17 17 12 17 14 7 12 15 19 16 15 17
17 18 19 21 13 17 17 16 20 18 14 18 16 17 14 22 14 13 17 15 19 21 14 18 15 19 11 17 15 12 15 16 20 8 21 17 15 20 21 19 18 17 18 18 14 22 23 17 19 20 19 20 18 19 18 15 13 14 14 15 20 18 15 19
16 13 15 18 11 12 16 11 15 14 15 15 17 16 15 16 10 14 17 13 19 17 13 13 15 18 12 16 15 13 14 12 16 12 21 14 12 19 17 17 14 18 16 16 13 18 15 12 13 16 15 16 14 17 12 11 8 12 11 9 15 16 13 14
15 15 14 14 13 16 13 15 13 15 11 18 15 22 11 15 14 17 14 16 16 19 15 14 13 19 13 12 13 10 14 14 16 9 19 13 9 15 20 17 18 17 16 17 14 22 18 14 15 16 14 18 16 13 12 16 11 9 14 13 16 14 17 16
16 22 19 18 20 18 20 20 20 20 17 20 21 22 14 27 18 22 22 18 18 22 17 18 18 23 15 23 17 17 22 22 26 14 24 19 22 26 23 24 21 21 19 20 18 26 18 18 16 18 17 24 19 22 16 20 16 15 17 17 23 16 16 21
17 18 18 20 20 17 17 14 19 17 17 21 16 17 15 24 14 20 19 18 19 22 15 18 17 21 17 23 15 15 17 17 21 14 24 18 15 19 21 16 18 15 17 20 19 23 21 14 19 17 20 22 19 21 17 19 15 12 16 18 17 19 19 19
14 12 14 12 13 15 13 13 15 10 11 12 11 18 15 16 15 12 12 10 13 16 10 10 9 14 9 14 10 12 10 18 14 10 18 11 11 14 15 16 16 11 15 14 12 14 14 9 10 10 15 12 12 15 13 15 11 9 9 8 15 12 9 12
12 15 16 15 12 11 14 9 13 12 17 16 17 15 14 17 14 15 19 17 17 16 13 14 9 16 10 19 14 16 17 13 17 12 19 17 13 18 17 14 17 16 15 17 14 18 15 14 16 15 17 18 12 17 11 13 12 13 15 13 15 15 16 15
21 17 21 21 15 15 19 15 16 19 16 18 13 21 16 21 17 18 21 16 21 21 17 14 15 21 14 19 17 18 15 17 20 12 26 13 16 18 23 17 21 20 20 20 17 25 21 14 19 19 23 21 16 19 16 19 16 9 17 15 19 19 17 21
14 18 18 16 18 17 17 16 18 11 14 18 15 18 15 22 15 15 15 18 17 21 15 18 16 17 12 22 15 13 15 17 19 13 19 13 12 18 20 16 18 20 15 19 16 23 19 17 16 19 18 21 20 22 14 19 20 13 13 16 21 17 16 16
12 16 14 16 17 15 15 14 19 12 18 16 14 18 13 16 13 17 15 12 15 18 13 11 18 16 13 14 16 9 14 15 18 12 20 15 14 18 15 19 14 18 14 13 12 18 15 13 9 9 13 15 16 13 13 16 10 8 9 10 14 14 12 15
17 17 17 14 16 15 13 14 18 14 15 14 18 18 15 15 16 13 17 16 19 18 16 14 17 17 15 15 11 14 16 17 15 12 23 13 10 16 17 19 16 15 20 17 14 21 17 14 15 11 16 20 19 16 15 16 11 11 12 14 18 14 17 21
17 24 21 17 19 16 18 14 18 20 15 21 20 22 17 22 17 17 18 21 18 24 21 22 18 20 14 21 17 15 15 20 22 13 26 18 15 20 22 20 22 21 19 23 17 25 22 17 17 17 19 26 18 20 14 19 14 17 21 15 24 20 20 20
14 19 16 15 17 18 20 18 15 16 12 16 17 18 13 19 17 17 18 18 16 19 18 16 15 20 16 20 17 14 19 17 19 13 23 14 16 18 18 19 19 17 19 18 16 21 21 16 15 23 18 22 15 21 13 19 14 13 13 15 20 15 17 20
19 16 19 17 12 19 16 15 16 13 13 17 12 20 15 20 17 14 16 13 15 20 16 16 15 21 10 17 15 14 15 16 17 11 18 13 14 14 20 18 19 14 16 17 12 18 20 14 14 17 18 18 14 18 13 19 10 13 10 13 17 13 13 13
15 13 19 12 13 14 10 13 14 11 16 11 11 16 12 19 15 14 15 13 16 17 9 14 12 14 9 21 11 12 18 16 16 11 16 14 13 16 16 14 14 14 14 16 11 18 16 13 14 15 15 17 19 19 15 15 11 8 11 14 14 12 13 13
18 19 15 19 19 17 16 16 21 13 16 16 15 19 19 18 11 15 15 16 16 20 14 14 13 18 13 16 12 16 15 16 19 12 23 13 12 20 19 17 16 18 17 17 15 22 20 17 14 17 14 18 20 19 16 15 13 11 15 15 20 18 15 19
17 21 18 22 20 17 19 15 19 16 17 23 17 19 14 22 14 20 15 17 16 20 13 16 18 20 13 20 18 16 19 13 19 12 24 16 15 19 20 17 20 20 20 18 16 22 25 18 18 20 21 18 21 21 17 22 16 9 14 17 19 18 20 19
17 17 15 15 19 14 19 18 18 15 15 18 17 18 16 23 17 17 19 15 16 20 17 14 15 18 14 21 15 17 15 18 22 14 21 15 15 22 22 17 21 17 16 18 15 23 18 13 9 13 18 16 16 19 16 16 16 10 13 13 26 15 15 21
21 21 24 19 16 19 19 21 20 14 16 17 20 22 18 24 16 16 17 20 20 22 16 19 16 22 13 21 19 19 20 19 21 11 23 15 19 25 22 21 21 22 17 19 18 23 23 19 16 21 16 24 19 25 17 19 17 17 15 15 25 19 16 20
12 13 11 13 12 13 14 12 14 10 10 12 12 12 12 14 10 11 12 14 14 17 14 14 13 11 8 12 11 12 11 12 12 4 16 10 12 10 14 12 16 7 14 14 10 15 15 13 10 9 15 16 12 13 15 14 13 11 9 10 15 13 14 17
16 23 17 16 17 16 20 15 18 16 14 18 19 20 15 21 15 18 16 15 13 20 17 18 12 20 13 17 16 16 16 17 17 13 25 15 16 19 19 17 24 14 21 19 14 20 23 16 12 20 18 18 11 17 16 19 13 13 17 15 19 16 17 19
19 21 21 21 18 16 16 18 19 16 16 15 19 20 18 25 14 17 20 17 25 23 17 19 18 22 14 23 20 18 17 20 24 16 24 18 15 18 23 23 21 19 21 18 19 23 23 18 20 19 21 24 21 23 18 18 17 13 19 20 24 17 16 21
15 16 18 15 15 11 16 17 14 13 12 15 13 17 11 18 11 15 16 14 18 18 14 12 15 20 17 17 14 11 16 14 19 14 19 8 11 17 15 19 15 16 14 14 15 22 17 12 15 15 15 17 13 17 10 15 13 7 13 14 17 17 17 19
14 19 15 15 16 14 13 18 15 16 12 16 18 18 12 19 16 20 16 16 15 19 16 15 16 19 15 20 19 12 15 14 17 10 24 14 17 17 18 17 21 15 19 19 16 20 23 15 15 17 19 20 14 21 13 19 14 11 13 12 18 15 16 18
17 17 17 21 14 19 19 18 19 19 18 20 16 21 12 21 18 22 23 16 21 22 16 20 17 23 17 20 17 16 18 17 23 14 23 20 16 22 21 21 22 20 20 20 18 21 22 19 16 18 19 20 15 20 20 20 11 11 15 17 18 16 18 14
17 15 16 16 15 13 13 12 17 14 19 14 16 15 16 18 17 15 18 13 18 18 14 10 14 21 12 17 13 15 19 12 16 12 20 15 12 21 19 15 16 19 16 16 11 22 13 13 17 16 19 16 18 20 12 16 8 8 13 19 13 14 16 20
20 16 17 15 15 12 16 18 14 13 11 11 15 19 16 19 11 14 16 15 16 17 14 15 15 20 14 19 16 16 15 13 19 15 20 12 13 18 18 19 18 17 18 13 17 18 20 15 12 19 16 17 15 20 16 14 15 13 13 13 21 13 13 18
19 20 21 23 14 19 20 16 20 18 17 21 19 21 16 21 17 15 20 19 23 21 16 21 18 20 12 22 20 14 21 16 19 13 23 18 18 23 24 21 19 22 18 22 15 21 23 19 18 16 20 23 18 23 18 17 14 16 15 14 21 22 18 20
17 18 18 16 15 15 16 15 19 14 16 14 13 18 14 20 13 14 18 19 13 19 14 19 15 19 10 18 12 11 15 19 19 11 21 14 13 17 17 15 15 18 19 17 12 21 17 17 13 18 15 21 16 20 13 16 9 14 15 13 17 16 15 15
16 14 13 17 13 13 18 13 15 12 13 11 15 15 16 17 15 15 14 16 14 20 20 14 12 16 8 12 10 16 15 13 13 10 17 11 12 14 17 15 19 14 15 18 13 18 15 14 13 16 14 15 12 15 18 16 11 15 15 12 17 15 18 16
17 17 16 17 16 14 15 14 17 16 11 19 16 23 13 23 17 15 16 15 15 20 19 15 18 19 11 17 17 14 16 14 20 12 24 15 16 17 21 19 19 17 18 21 15 22 17 16 16 15 16 18 18 19 16 19 13 14 16 16 22 15 15 18
25 19 16 19 20 17 18 20 22 20 19 19 17 22 16 24 18 20 20 20 21 24 22 18 19 27 18 22 18 21 17 19 24 16 26 16 15 24 26 19 26 20 21 20 18 28 25 21 17 23 19 20 22 22 21 22 16 14 17 19 25 17 19 19
20 21 15 17 19 16 17 20 22 13 16 17 15 21 14 23 17 21 21 18 20 25 19 16 20 23 15 21 18 13 17 21 22 13 25 17 17 21 27 19 22 19 17 20 19 29 22 13 16 17 18 22 16 22 20 19 17 15 14 14 19 18 16 21
8 12 9 13 9 11 11 10 9 10 12 15 15 7 8 13 10 12 12 11 12 14 8 11 7 12 10 12 10 10 12 11 10 5 16 9 9 12 15 11 13 11 13 11 13 17 14 13 11 13 12 15 10 10 10 12 11 8 8 10 13 6 11 10
19 22 21 19 21 22 22 21 23 14 18 22 23 24 16 24 16 20 21 19 22 24 21 21 19 22 20 21 20 18 19 22 27 17 27 21 17 21 25 23 25 19 22 19 20 25 21 17 15 21 19 27 19 22 16 18 15 14 16 20 24 20 18 22
20 19 15 19 15 17 16 16 20 13 14 17 14 18 16 23 14 16 17 13 18 22 14 14 19 20 12 16 21 13 13 16 22 10 24 14 17 17 22 16 20 19 19 17 16 20 21 16 13 13 20 17 16 21 17 18 14 8 14 13 21 15 13 20
16 17 19 16 13 11 17 13 15 14 14 13 16 15 15 18 16 15 17 16 18 25 18 18 17 16 10 18 12 11 14 19 18 11 21 13 13 14 17 19 19 17 20 21 13 21 16 16 14 16 19 20 14 17 15 16 8 12 16 9 18 15 17 19
15 12 15 13 13 14 15 12 13 13 12 14 12 15 13 13 15 11 15 13 16 15 11 11 11 15 11 11 6 14 14 16 13 9 16 11 9 14 14 16 15 13 14 16 13 19 13 10 14 13 13 18 12 12 12 14 11 9 11 12 14 10 14 15
21 23 18 17 18 17 19 13 19 16 14 15 17 20 18 17 13 18 20 18 19 20 15 20 17 17 14 23 18 18 19 18 21 15 23 16 16 19 20 13 18 16 20 21 14 22 21 16 16 17 19 22 19 22 12 15 12 12 16 15 23 20 18 22
14 21 20 16 16 15 20 17 12 17 12 18 14 23 13 21 15 19 16 15 15 20 19 19 14 20 12 18 15 15 18 20 24 10 18 15 16 18 22 21 20 19 17 19 14 23 22 18 14 15 14 18 17 15 17 19 15 12 14 14 24 16 17 20
17 17 20 20 16 17 17 13 16 16 15 19 16 19 18 20 12 17 19 17 21 22 15 21 16 21 13 17 14 14 15 18 21 11 23 15 13 16 17 18 19 18 22 18 13 20 20 19 12 18 15 19 19 19 16 16 9 12 15 17 19 18 19 18
12 16 15 19 14 11 17 11 15 13 15 14 16 15 14 17 13 15 16 13 19 18 14 16 14 13 12 20 11 12 15 17 15 11 21 16 13 19 16 17 13 16 17 20 13 20 14 15 15 17 16 19 17 17 12 14 9 10 15 15 17 16 17 16
21 21 17 17 17 15 18 17 20 16 13 19 18 19 17 24 16 18 20 16 19 22 16 11 14 25 13 23 17 15 19 18 20 13 24 17 17 23 22 21 19 20 17 16 19 23 23 18 17 18 19 19 19 24 20 16 16 14 16 17 21 17 15 20
13 19 16 16 17 17 17 15 16 15 14 18 21 18 17 18 18 16 16 16 19 20 14 14 12 20 15 18 18 16 15 17 16 12 23 14 11 22 20 17 19 18 15 17 16 24 18 15 15 12 18 19 15 21 11 17 14 13 12 18 20 16 13 21
20 22 19 20 19 18 17 22 24 15 17 19 20 19 14 25 20 18 20 18 20 22 16 17 18 24 18 24 19 15 18 18 21 15 26 16 17 25 24 20 21 17 16 19 21 27 24 15 19 21 23 21 18 24 17 21 17 12 15 18 19 19 20 22
19 19 20 20 14 17 18 18 19 13 16 18 18 19 14 26 15 17 17 15 18 22 17 16 18 20 13 20 14 16 18 16 21 13 23 14 17 20 24 20 18 17 15 21 18 24 18 15 17 20 20 21 18 18 16 16 12 12 16 14 20 14 17 16
13 15 18 10 12 9 13 15 11 14 9 10 14 20 10 17 10 16 12 11 13 16 14 13 9 15 11 14 12 15 13 15 19 12 17 10 10 15 17 15 16 11 14 14 12 16 16 13 14 15 12 15 15 12 13 13 10 8 14 11 19 13 13 14
