0 0 0 40 0 0 0 0 0 0 7 6 0 16 0 0 1 14 10 0 0 0 0 0 0 6 0 0 0 14 0 0 0 0 0 0 0 14 0 0 0 0 16 6 0 10 0 0 0 24 4 0 8 0 0 2 48 0 18 0 0 2 0 0
0 0 0 0 0 0 26 0 0 0 85 36 54 0 0 0 3 0 0 0 20 0 0 0 4 0 12 0 0 18 46 0 0 0 32 1 0 0 0 0 0 9 0 88 0 0 0 0 0 0 36 0 0 0 0 79 0 0 0 49 8 0 0 81
0 0 46 12 64 0 0 8 9 63 63 0 0 18 0 8 0 0 0 7 0 49 0 9 0 0 0 56 0 0 28 0 63 24 63 0 63 0 79 0 7 6 0 45 7 81 51 18 60 3 0 0 18 0 52 9 14 7 2 30 0 36 1 0
0 0 0 54 0 34 7 98 10 15 0 0 0 0 0 0 18 0 0 5 0 0 0 0 0 75 69 4 16 0 54 18 81 6 0 5 4 0 49 0 0 0 0 0 30 40 0 0 0 0 32 0 0 15 75 0 35 0 9 0 0 24 17 0
0 0 0 2 0 0 0 0 9 3 0 24 55 66 0 0 10 42 39 5 0 40 4 9 8 18 0 0 32 42 0 1 0 0 0 20 17 42 0 5 0 15 54 16 0 15 15 48 6 4 108 14 20 2 41 71 0 0 59 0 22 0 0 0
0 0 0 0 56 0 14 21 0 35 7 0 0 0 35 14 0 0 63 0 0 0 0 0 0 49 0 0 0 0 6 42 0 14 0 0 0 0 56 0 0 63 0 8 0 0 0 0 0 0 0 0 0 0 0 0 0 49 28 3 0 0 0 0
0 49 0 45 0 0 6 21 0 27 0 9 0 0 0 0 9 49 81 0 42 0 36 0 73 42 3 21 43 0 12 9 0 0 8 56 90 0 0 45 0 0 0 17 0 0 0 45 0 0 72 0 0 0 0 14 0 0 0 0 0 40 0 0
45 0 111 0 62 10 2 63 12 0 9 0 0 0 21 80 6 12 39 0 40 35 0 72 0 0 3 0 4 105 88 0 0 0 18 0 8 0 12 0 42 9 0 0 27 18 0 18 18 18 28 0 0 0 0 138 12 7 4 7 0 16 0 0
0 21 0 0 0 0 0 0 0 20 0 0 0 0 16 0 8 33 0 0 18 0 0 0 0 70 28 9 3 12 0 24 36 8 0 24 0 0 4 0 0 0 0 8 0 18 0 0 0 0 0 0 0 0 24 10 0 0 0 0 0 28 0 54
0 0 72 0 54 0 0 47 18 0 0 24 0 0 0 45 0 0 60 0 0 45 0 0 10 0 0 0 0 0 35 0 0 0 0 0 0 0 0 0 0 15 0 40 0 0 0 0 27 36 0 56 0 0 64 0 40 0 15 0 0 0 25 0
9 56 14 42 119 61 0 24 0 59 42 0 84 0 72 0 76 135 56 30 0 49 24 0 0 49 0 0 56 0 36 42 0 60 0 0 2 0 158 0 0 118 36 62 0 81 63 42 54 0 44 18 12 12 9 63 42 0 37 18 42 72 3 0
0 0 0 45 40 0 0 0 3 0 0 6 42 60 0 0 0 0 0 30 0 0 0 3 0 0 0 0 0 0 0 0 0 20 0 18 0 45 0 0 0 42 36 0 0 3 35 6 47 85 0 14 18 12 16 54 0 0 30 25 42 15 0 0
0 0 16 0 12 0 2 6 85 0 42 0 6 0 0 10 1 0 10 0 0 0 0 0 12 0 0 0 0 0 0 0 0 0 0 1 0 0 0 0 0 0 0 30 0 48 0 0 6 0 0 0 0 0 0 0 0 27 0 0 8 12 0 54
9 0 34 11 0 0 24 0 9 15 0 0 0 0 0 0 0 81 93 50 12 0 20 0 112 0 24 0 47 12 0 32 0 0 32 24 45 0 75 34 0 0 24 0 0 0 68 97 54 30 8 18 72 48 0 0 0 39 0 24 0 0 0 88
0 0 0 3 0 63 0 48 0 72 0 0 42 0 0 0 0 0 0 44 40 80 0 0 0 0 0 0 0 48 48 40 66 0 0 0 0 0 0 52 30 78 36 0 8 5 0 0 0 0 56 30 12 12 56 0 40 0 30 10 42 85 0 0
0 0 0 0 36 16 12 0 0 0 0 18 0 0 0 0 14 0 0 0 0 0 0 0 27 0 0 0 39 45 0 0 0 4 16 0 8 0 0 45 0 0 0 6 0 0 30 12 0 0 0 0 0 5 0 4 0 0 0 5 0 0 45 0
7 0 21 64 54 18 6 0 18 57 0 36 0 0 28 0 81 0 0 3 0 87 0 0 26 42 0 0 75 45 0 36 0 24 8 68 0 24 0 45 0 0 0 3 3 0 30 81 0 18 56 63 0 5 162 39 96 34 0 54 62 0 45 12
0 42 0 49 0 0 0 0 36 0 0 36 0 86 0 0 0 70 20 8 36 0 4 0 0 48 0 18 6 28 8 0 0 0 0 66 0 73 0 36 0 0 32 12 0 4 0 0 16 97 56 56 0 0 64 66 0 12 54 0 0 24 12 42
0 7 0 0 40 28 18 0 0 0 0 0 0 0 0 0 9 7 0 0 6 0 0 0 0 6 0 3 46 20 0 45 16 20 0 57 0 0 20 0 0 16 0 2 0 0 30 0 45 0 0 0 0 0 0 2 0 0 0 35 72 39 0 0
0 0 24 42 56 72 70 0 0 0 35 0 56 0 0 0 7 0 0 40 0 49 0 0 0 0 0 32 20 0 30 0 0 0 0 47 0 0 56 0 0 77 48 40 0 0 5 0 0 0 0 0 16 16 0 0 42 0 119 15 112 0 0 10
0 0 0 10 0 0 0 0 0 0 0 0 0 12 40 0 15 30 0 0 0 0 4 0 0 0 0 0 72 32 8 72 0 0 0 68 0 10 42 0 0 0 0 0 0 45 0 0 16 18 16 0 0 0 0 12 0 0 18 16 0 40 12 18
0 0 16 40 56 0 14 21 63 0 0 0 0 0 35 14 0 0 95 36 8 0 0 0 0 0 16 0 0 0 0 0 0 0 0 0 0 0 68 48 42 63 0 0 0 0 0 0 0 56 0 0 2 0 0 0 12 94 34 12 0 0 0 42
0 48 0 5 0 30 10 8 4 5 7 51 0 0 0 0 5 20 0 10 0 35 45 0 0 0 0 25 0 0 0 0 0 0 0 5 0 0 0 45 36 64 0 5 0 8 4 0 0 60 40 14 0 0 16 0 0 28 0 32 40 10 0 0
0 0 0 0 0 0 0 0 27 9 0 27 0 54 0 0 0 12 0 0 0 0 0 27 0 48 56 0 0 0 0 0 75 0 0 0 0 0 0 0 0 0 0 0 0 27 45 81 18 18 0 63 54 0 120 0 0 3 0 0 0 0 0 0
3 0 121 0 57 3 0 24 16 0 121 0 0 0 12 96 16 0 40 0 40 0 0 0 0 0 24 64 0 0 82 0 72 2 72 0 72 0 64 0 49 0 0 56 0 0 0 6 24 21 0 0 0 0 0 89 38 20 0 98 15 0 0 0
0 0 0 0 99 43 0 0 0 0 0 0 56 0 0 0 42 0 0 40 0 0 0 0 0 0 0 0 10 0 0 72 54 12 0 0 20 0 0 45 54 56 48 0 0 9 0 36 0 0 0 54 16 16 0 12 72 0 40 18 56 72 0 0
15 0 21 0 0 35 24 32 4 0 0 36 0 0 0 16 0 20 0 0 20 20 12 24 49 0 0 0 63 126 63 0 20 0 38 0 0 0 0 81 50 20 0 12 9 0 58 6 48 22 64 0 0 9 0 45 4 28 54 9 0 25 117 54
0 0 0 39 0 0 0 0 0 0 0 0 0 0 0 0 8 0 0 50 0 0 0 0 30 0 0 0 42 54 0 0 0 0 0 0 0 0 14 146 49 0 0 8 0 0 36 0 0 35 32 0 0 6 0 16 0 0 7 6 0 0 54 0
6 42 38 15 64 30 16 88 6 18 0 0 0 12 64 16 18 0 154 0 10 0 18 6 0 0 20 0 117 36 0 81 0 24 0 72 0 0 156 0 0 108 0 0 0 6 10 12 4 34 0 0 15 0 24 0 66 110 32 75 30 0 8 0
0 0 0 35 0 24 0 0 0 4 0 36 21 0 72 0 27 54 0 42 0 28 36 0 42 36 42 20 0 0 0 0 54 0 0 0 0 0 32 56 49 0 0 0 0 81 0 0 0 67 0 0 0 0 36 0 0 0 7 0 0 72 0 0
0 0 54 0 0 0 0 12 18 10 0 21 0 0 0 0 0 0 0 0 10 10 16 0 0 14 0 72 0 12 80 12 81 4 81 0 81 0 72 0 0 0 0 0 0 0 0 0 64 14 72 49 0 0 56 0 0 15 72 0 0 0 48 84
24 28 92 81 54 0 0 90 18 0 36 0 0 0 0 45 27 28 85 0 70 0 0 0 0 48 29 12 4 0 36 0 0 0 0 62 0 0 0 0 0 0 0 8 0 0 0 0 27 25 48 0 0 0 0 8 0 30 0 69 0 52 0 0
0 0 0 0 0 0 0 0 0 0 0 0 0 0 0 0 0 0 0 0 0 0 0 0 0 0 0 0 0 0 0 0 0 0 0 0 0 0 0 0 0 0 0 0 0 0 0 0 0 0 0 0 0 0 0 0 0 0 0 0 0 0 0 0
32 0 6 6 81 27 24 0 0 0 139 36 0 0 0 0 63 0 0 12 48 0 0 0 4 32 0 8 0 0 28 0 9 18 41 40 9 0 8 54 0 0 0 89 0 72 0 54 0 0 112 0 0 0 0 18 0 1 0 84 0 18 0 0
0 0 4 29 0 0 0 0 0 6 0 15 14 40 0 0 0 35 51 40 2 0 8 0 16 15 4 0 0 35 0 2 0 0 0 0 18 35 10 50 35 14 52 0 0 5 0 10 0 30 10 0 4 4 0 0 0 6 60 3 14 0 0 0
32 12 0 21 0 0 0 24 0 30 57 0 0 6 0 32 72 0 0 0 20 20 0 0 0 58 0 0 10 24 66 36 0 12 0 10 0 11 0 0 28 16 0 56 0 0 0 0 16 21 30 56 0 0 6 42 18 0 0 29 0 2 0 0
0 0 32 15 56 0 8 24 8 0 7 24 63 0 20 28 0 0 56 63 0 0 0 0 0 0 0 0 0 0 0 0 0 0 0 0 0 0 38 24 21 99 54 5 0 8 0 0 12 31 0 56 18 18 64 0 0 28 64 0 63 2 0 0
24 35 0 0 42 32 27 16 4 2 35 18 0 0 0 0 24 35 0 56 30 14 18 0 81 30 0 25 9 0 12 0 0 0 36 40 8 0 14 0 0 0 27 35 28 56 0 81 0 16 40 0 81 60 6 10 14 0 0 0 0 30 6 81
0 0 0 21 0 0 0 24 9 24 0 0 0 18 40 0 25 30 72 69 0 47 32 9 64 0 56 0 0 8 0 71 0 0 0 20 72 0 33 48 7 0 0 0 14 61 15 83 6 5 0 0 25 0 34 15 0 0 1 63 15 40 3 36
0 18 0 0 0 0 0 0 0 0 0 0 0 0 0 0 0 0 0 0 0 0 0 0 0 0 0 0 0 16 0 0 0 0 0 0 0 0 0 0 0 24 0 0 0 0 0 0 0 0 0 0 0 0 0 0 0 0 0 12 0 3 0 72
33 0 35 30 8 0 48 0 0 54 12 72 0 4 0 0 0 4 0 6 12 30 0 40 8 8 0 0 15 49 25 0 0 4 74 22 0 9 0 0 0 0 0 40 21 0 6 10 9 0 37 0 0 0 51 45 15 0 0 23 0 3 0 63
0 28 0 38 0 20 0 0 0 27 0 0 0 0 0 0 5 0 28 48 0 0 12 0 0 21 0 0 24 0 0 18 0 22 0 0 0 0 14 83 49 24 0 5 0 0 0 0 0 35 24 0 0 0 0 10 0 0 7 0 0 0 0 0
0 0 0 0 0 6 0 8 27 37 0 9 3 54 0 0 0 0 6 4 0 45 9 27 10 0 0 5 0 0 14 0 0 0 0 0 0 0 0 0 0 6 0 16 4 27 45 54 18 16 0 0 54 0 28 0 16 0 6 0 0 0 10 0
0 0 36 36 0 0 0 28 0 12 0 0 0 0 0 0 12 16 72 0 18 0 0 0 0 0 40 0 0 0 16 0 4 0 0 0 0 0 0 0 0 0 0 0 0 0 0 36 0 45 0 0 0 0 0 0 0 58 0 27 0 16 0 0
0 0 0 0 0 0 0 4 0 0 63 27 21 72 0 0 0 63 48 15 0 9 0 0 42 27 0 0 56 135 61 0 0 0 0 0 0 63 0 72 0 24 90 80 0 9 48 0 0 4 18 0 6 14 0 0 8 0 99 35 21 0 77 0
3 0 12 4 0 0 0 40 0 6 0 12 0 0 0 0 0 27 42 0 6 0 18 0 16 0 12 0 0 0 20 2 0 0 0 0 18 0 56 10 0 0 0 0 0 0 21 10 58 23 40 34 0 0 47 0 0 18 45 9 0 0 35 45
4 42 12 16 0 30 0 0 9 18 9 0 0 0 48 0 24 24 42 0 5 0 18 0 0 0 3 0 46 0 1 0 0 24 0 8 0 6 8 0 0 36 0 0 0 36 0 0 0 0 14 0 0 0 6 3 42 19 0 35 20 32 0 6
0 36 0 0 0 5 0 36 2 0 0 0 0 0 0 0 0 0 21 19 0 65 0 0 14 0 16 0 0 0 55 18 0 0 0 0 0 0 7 0 0 69 0 56 10 10 0 0 0 28 0 0 2 3 3 0 63 0 21 42 0 6 38 0
0 0 2 6 8 0 0 0 27 45 0 6 0 16 0 32 0 14 10 0 0 7 0 0 0 69 0 0 0 14 0 54 0 18 0 0 0 14 8 0 28 3 16 0 0 2 0 0 0 12 4 0 0 0 0 36 14 9 19 0 0 0 0 18
0 35 0 10 146 57 38 79 2 30 72 0 0 0 35 38 63 10 143 48 85 45 35 0 112 0 24 0 32 54 62 5 0 38 32 0 49 0 56 25 39 93 24 0 0 0 2 151 0 17 36 0 72 48 0 69 6 63 28 56 0 0 0 72
0 7 0 4 0 5 0 12 0 3 63 0 0 0 0 0 3 0 16 8 0 27 3 0 6 0 0 0 6 0 75 0 0 4 0 0 0 0 0 36 0 15 0 99 0 0 0 0 0 12 32 0 0 0 0 6 24 0 9 27 0 0 15 0
20 0 0 0 0 0 0 0 12 0 68 0 0 24 0 0 45 0 0 18 35 2 0 12 0 10 37 0 0 14 7 66 36 0 0 0 0 0 0 30 36 0 0 0 4 20 20 24 18 0 0 71 26 0 0 21 48 0 0 79 0 48 0 63
10 0 76 12 114 27 48 48 14 15 0 0 0 8 45 53 0 8 116 18 0 0 0 16 27 21 0 20 0 14 14 18 9 6 25 15 9 0 80 0 0 81 9 32 6 0 0 31 21 0 0 0 27 18 0 18 0 64 63 0 0 0 0 27
10 36 14 0 0 0 0 104 12 0 100 0 0 0 0 0 0 24 0 72 80 48 0 16 0 0 88 0 0 62 90 72 0 0 4 0 0 0 85 0 0 0 0 32 22 8 0 4 0 20 32 0 8 0 21 70 0 0 12 140 0 0 7 0
0 0 0 0 0 56 0 0 0 0 0 0 103 0 0 0 0 0 0 35 0 0 0 0 0 0 0 0 0 0 0 0 32 0 0 0 0 0 0 0 0 90 42 18 0 0 0 0 0 0 36 0 14 14 0 63 0 0 35 0 49 40 0 0
0 0 0 32 0 7 0 0 0 18 0 0 0 0 0 0 6 0 54 0 0 24 24 0 48 0 0 0 0 0 0 6 4 0 0 12 54 0 0 30 0 4 0 0 0 0 0 45 0 12 0 0 4 0 15 9 24 0 0 0 9 5 0 0
0 0 0 0 0 81 78 0 0 0 0 0 0 0 0 0 0 0 0 30 0 0 0 0 45 36 42 36 0 14 0 0 54 0 20 45 0 0 0 0 0 0 15 0 0 0 0 45 0 0 0 0 45 30 36 0 0 0 81 0 0 0 0 108
0 0 0 36 72 102 30 0 12 32 56 45 0 0 0 0 0 0 0 6 0 0 0 0 13 0 0 0 145 36 56 81 0 0 40 72 38 0 36 0 0 0 0 55 36 112 0 0 0 0 48 0 0 18 36 20 42 0 0 18 0 16 12 0
0 0 0 81 0 0 0 0 0 0 0 0 0 0 72 0 36 54 0 60 0 4 0 0 0 36 74 0 35 0 0 52 66 0 0 28 0 21 26 42 40 0 0 9 8 87 0 0 0 23 49 12 5 0 57 18 57 0 4 40 0 88 0 0
0 54 0 2 0 0 0 0 18 3 0 0 0 0 64 0 24 84 9 0 0 0 4 0 8 0 0 0 0 0 0 1 0 0 0 0 9 0 70 5 0 0 0 0 0 72 0 5 0 30 0 0 0 0 0 42 0 0 18 0 0 64 0 0
18 0 32 31 70 0 10 59 4 48 0 0 0 0 61 12 43 58 25 18 35 101 0 0 4 0 0 0 34 50 56 74 46 0 0 20 0 0 62 98 42 27 0 16 16 70 4 36 6 8 114 42 0 0 28 0 96 11 14 18 32 112 10 8
0 0 2 50 8 7 0 0 0 0 28 27 27 48 48 0 18 36 0 8 0 7 0 0 54 0 0 0 0 0 24 8 10 0 0 16 0 40 20 41 6 7 0 32 0 55 0 0 0 90 32 69 0 0 72 48 14 0 1 14 0 61 0 0
32 105 0 32 0 30 0 0 0 18 8 12 0 0 0 0 72 63 42 0 54 0 18 0 0 70 0 27 65 0 0 0 0 24 0 88 0 12 0 0 0 36 0 18 0 0 0 0 16 8 28 84 0 0 44 18 20 0 0 0 0 36 0 0
0 0 30 10 0 0 0 0 0 15 56 0 0 0 0 0 0 0 45 0 0 0 20 0 40 0 0 40 0 0 32 5 45 0 45 0 90 0 40 25 0 0 0 46 0 48 0 25 0 0 0 0 0 0 0 0 0 5 0 6 0 12 0 0
