19 14 13 19 18 13 17 15 16 21 18 16 18 19 22 20 18 17 15 15 15 17 25 14 25 17 16 19 18 19 22 14 23 24 22 19 16 20 20 15 23 19 20 18 21 18 12 12 13 20 17 15 17 15 25 21 13 18 18 19 21 18 21 26
24 17 13 20 19 22 15 17 15 21 21 24 22 17 20 25 21 18 23 21 20 19 24 19 28 19 23 19 19 24 22 20 24 25 26 20 19 19 21 22 23 25 18 24 18 19 15 15 19 24 20 20 18 20 26 23 15 18 23 21 27 21 23 30
14 10 12 14 14 13 12 14 14 14 13 16 16 12 14 23 12 14 15 13 17 10 20 12 20 16 11 10 14 14 16 14 16 19 19 16 11 14 12 15 14 16 17 13 14 15 12 10 12 15 14 14 11 13 19 15 7 10 14 11 19 18 16 17
15 15 14 15 16 13 14 10 15 19 16 13 17 15 18 17 17 15 14 16 17 13 22 14 21 15 18 16 18 19 22 11 21 22 23 16 13 18 18 20 16 21 18 16 22 19 12 13 16 18 22 17 18 16 19 19 12 16 13 13 20 15 22 17
14 11 12 12 16 17 10 17 12 19 14 17 14 10 14 15 15 11 13 15 14 14 21 14 22 15 16 13 14 15 19 10 20 20 18 16 14 14 18 16 18 16 16 13 18 17 16 11 9 19 13 14 13 16 19 16 13 11 17 16 18 17 17 20
18 9 14 13 14 14 15 16 10 18 12 15 16 10 18 21 15 17 16 16 16 18 21 10 24 12 10 14 16 18 17 12 19 19 18 17 17 13 13 15 17 14 14 17 17 16 14 13 13 16 15 14 17 13 20 16 10 13 14 14 22 13 17 17
18 12 10 14 11 14 15 15 13 20 16 17 17 14 15 17 16 10 20 16 15 13 22 11 17 14 14 15 18 18 16 14 17 21 19 20 16 18 15 17 16 19 18 18 19 13 15 10 12 13 16 16 10 14 18 14 12 13 13 12 22 17 17 21
14 12 10 12 16 15 10 12 9 13 15 15 16 11 14 17 14 11 11 14 12 11 22 10 18 13 13 9 12 14 19 17 18 17 14 12 11 11 15 11 15 15 14 17 14 15 9 10 10 15 10 13 12 11 14 18 13 13 17 15 16 15 18 17
20 15 13 16 19 18 12 18 15 17 19 17 19 19 19 19 16 15 16 18 17 15 22 17 24 20 21 18 19 20 16 15 24 19 25 19 16 21 21 16 20 22 18 17 20 18 15 13 14 19 17 19 12 17 22 19 13 12 16 18 17 25 15 25
20 15 14 22 17 16 13 17 14 19 17 19 20 12 21 17 16 16 12 16 18 19 23 14 25 16 16 20 16 18 20 15 17 20 17 15 15 14 16 20 17 20 16 18 17 16 13 14 11 19 17 15 15 13 25 20 15 17 20 15 22 14 19 22
17 12 9 16 21 12 11 15 12 14 11 17 14 11 16 20 13 12 13 14 16 13 24 13 21 16 13 13 13 15 15 12 18 18 15 17 13 16 16 13 15 20 12 17 16 16 10 15 12 14 13 19 9 13 19 16 11 17 13 14 15 17 16 19
15 16 11 17 15 16 17 13 11 19 21 13 14 16 17 19 18 18 13 13 14 16 23 15 18 18 15 15 19 17 18 16 19 22 21 17 13 15 18 15 19 18 13 17 18 15 10 13 14 17 16 12 16 11 23 19 13 15 17 20 20 15 21 19
15 16 15 15 14 15 18 12 17 18 16 17 15 14 20 20 14 17 16 14 16 16 22 13 19 14 12 15 18 14 19 14 22 22 16 19 12 17 19 18 17 20 17 18 16 18 15 18 13 18 14 17 13 15 21 19 14 15 17 17 20 16 20 17
18 17 14 16 13 11 17 12 13 16 15 18 16 12 17 17 17 16 14 16 17 16 21 12 23 15 15 16 17 16 16 15 20 20 19 12 12 14 16 15 15 17 15 17 19 18 14 14 14 17 15 13 16 13 16 19 12 9 19 14 19 16 18 19
14 11 13 11 12 12 9 10 12 11 13 11 15 11 13 13 13 12 12 13 13 8 15 9 14 10 7 14 14 13 13 14 16 15 15 10 9 13 12 13 10 15 11 13 12 14 11 10 9 11 12 11 13 7 13 15 8 4 12 10 13 12 13 13
18 17 12 15 15 14 16 13 17 15 13 18 15 12 15 18 17 16 18 16 20 13 25 13 19 17 16 16 18 18 17 12 18 18 18 18 14 15 19 19 12 18 16 14 21 16 14 12 13 15 18 13 11 14 19 20 15 13 18 16 19 18 23 17
22 15 10 14 20 17 14 15 14 21 13 21 22 15 21 24 17 18 23 21 20 18 26 19 28 14 22 17 15 20 18 18 19 21 22 20 15 20 20 20 21 21 20 22 20 20 19 13 14 21 20 16 19 17 20 18 12 14 16 19 25 15 18 22
22 19 15 20 24 18 19 19 18 20 21 22 18 18 20 24 20 21 25 23 20 17 28 16 26 22 18 19 21 18 22 20 27 25 25 21 22 20 22 22 27 25 17 26 21 19 20 18 20 21 19 19 21 20 26 22 18 19 22 19 25 21 25 25
15 11 9 12 10 11 14 13 12 9 13 13 12 13 14 16 11 12 12 12 11 13 15 12 16 13 12 15 10 13 15 11 15 14 14 16 11 14 17 15 13 16 15 15 16 11 14 12 12 14 13 16 11 14 21 16 12 9 12 10 19 13 17 17
19 16 15 17 17 13 17 16 12 20 20 21 16 14 18 20 18 16 21 18 16 18 18 15 22 18 14 14 16 16 19 15 22 21 23 20 16 18 19 19 23 19 17 20 19 17 20 13 14 19 18 17 16 22 25 19 10 14 20 16 23 19 16 22
14 13 13 15 16 15 11 15 11 15 13 15 19 10 12 14 14 13 12 13 17 13 19 11 18 15 14 16 17 14 14 12 14 18 17 9 14 12 17 13 15 19 12 18 16 12 13 8 11 14 11 12 12 11 18 17 11 14 12 13 18 18 13 21
18 16 14 17 17 17 14 15 9 21 17 20 17 14 16 21 13 18 16 22 16 18 25 15 25 13 17 12 18 16 20 18 18 23 21 19 17 16 15 17 20 20 16 20 19 19 13 13 14 17 14 15 16 18 21 22 12 13 17 18 23 18 17 20
19 12 11 12 14 14 14 11 13 16 14 16 20 14 16 22 13 15 18 16 18 15 22 13 23 10 17 11 16 17 19 15 19 21 20 16 13 16 16 16 18 17 14 15 15 18 17 13 16 16 16 17 16 17 17 17 8 13 16 15 19 16 16 21
15 13 11 14 19 14 14 15 13 18 14 15 17 15 14 19 16 15 14 14 16 13 24 16 22 19 19 15 14 17 16 12 20 20 20 18 16 19 21 15 20 19 18 17 19 18 12 9 11 20 12 11 13 14 19 16 13 13 16 17 20 18 19 20
18 13 11 16 16 17 13 12 12 18 15 14 17 16 13 16 16 15 16 16 16 17 21 15 22 18 16 16 14 18 19 12 17 23 22 16 15 17 20 17 17 23 16 20 17 15 10 9 13 19 15 12 16 13 22 19 12 16 14 15 22 17 21 24
19 14 13 14 16 12 12 14 12 14 14 14 15 12 16 16 13 15 17 15 13 11 23 12 15 16 12 15 15 14 15 17 17 16 18 15 14 12 16 18 15 17 12 17 16 13 13 14 12 16 12 12 14 12 17 17 12 12 16 13 18 13 14 16
16 11 12 14 15 9 13 13 16 12 14 13 14 12 15 19 17 16 15 13 14 13 21 15 15 18 13 12 12 14 16 11 18 16 14 18 14 15 19 16 18 17 13 18 11 17 11 15 11 16 12 11 14 13 21 16 14 12 17 17 15 15 18 15
15 13 14 14 14 14 12 8 13 18 10 15 15 10 15 17 10 18 14 14 18 16 20 10 21 12 11 14 14 10 14 13 16 19 14 9 10 13 12 15 12 18 13 17 14 15 12 11 12 14 12 10 13 11 18 17 8 10 13 14 17 15 14 17
17 14 13 15 15 16 13 12 15 17 15 19 16 15 17 16 15 15 19 14 19 15 21 13 20 16 15 15 17 18 18 15 19 19 20 18 15 16 15 17 18 19 13 15 17 17 14 15 16 19 16 17 14 18 21 18 11 18 16 12 19 15 16 21
19 12 8 15 11 11 14 12 8 17 14 18 13 9 14 16 11 10 16 16 12 13 17 12 20 11 14 11 11 15 15 13 16 18 13 18 15 14 15 16 17 15 12 16 14 14 13 11 12 14 12 15 8 14 19 14 9 12 16 15 18 15 14 19
14 13 13 15 13 13 12 15 11 18 12 17 19 10 16 18 14 14 16 14 15 13 20 14 18 13 12 13 15 16 15 12 15 20 18 16 13 16 14 17 17 14 17 17 16 15 9 11 10 17 13 11 13 11 14 17 10 16 17 15 17 13 15 16
19 14 10 12 16 12 11 15 13 19 15 19 18 10 16 19 14 12 13 17 15 15 23 13 21 14 17 14 14 18 16 12 20 17 21 12 12 14 20 15 17 17 16 16 17 16 14 13 12 19 11 12 14 14 15 16 14 13 18 14 19 15 16 18
19 15 13 13 17 12 15 16 10 20 16 21 21 11 16 20 17 14 17 16 17 17 22 13 22 17 15 10 17 18 17 13 21 19 20 16 15 12 16 14 18 18 16 21 18 17 12 8 15 15 12 12 17 17 15 15 13 13 17 16 20 20 17 21
18 17 13 15 14 20 14 15 11 18 20 20 22 12 18 19 13 14 17 18 18 18 18 16 21 13 16 15 19 19 16 17 19 21 19 17 14 13 17 19 16 20 15 20 17 10 19 13 14 19 13 16 15 16 17 21 12 12 16 17 23 20 14 24
15 9 8 11 12 8 7 12 9 11 11 12 14 6 9 12 7 9 11 11 11 9 17 8 17 12 9 11 9 8 13 10 17 13 16 9 10 12 17 13 16 17 10 14 11 12 9 11 6 11 6 12 9 12 14 12 7 9 13 13 12 13 11 17
15 10 8 12 12 12 11 13 11 14 16 13 14 13 15 16 13 12 14 14 16 15 19 9 16 13 13 14 11 16 16 17 22 18 17 15 13 16 16 13 15 14 13 13 13 16 13 13 12 16 11 17 11 14 19 14 12 12 18 12 13 16 18 20
15 15 13 13 13 14 11 11 13 12 12 14 14 17 16 17 13 15 16 16 13 8 19 14 15 12 14 12 12 16 14 14 17 13 18 15 12 15 15 15 13 15 15 12 14 12 9 10 13 17 15 13 8 16 18 20 13 17 15 10 16 14 16 15
20 15 11 9 14 15 15 10 13 18 15 20 19 16 19 19 16 17 19 15 14 18 25 15 24 16 19 14 19 20 18 14 22 20 22 17 14 16 18 18 20 19 17 15 19 16 15 16 15 18 16 14 18 19 18 19 11 13 15 17 21 16 19 22
18 15 14 16 16 17 17 17 15 16 13 21 20 12 14 19 14 17 18 15 19 16 26 13 24 18 17 16 19 17 19 15 20 20 20 15 17 16 17 19 19 22 18 18 20 14 11 18 15 19 15 17 13 16 21 20 15 19 18 16 20 20 21 21
13 17 14 17 16 15 14 14 15 15 17 18 17 14 17 17 19 14 13 17 14 17 23 14 23 18 16 17 18 19 23 13 19 20 21 19 21 12 19 20 20 21 17 16 16 17 14 16 13 18 18 15 17 19 23 24 17 16 20 14 23 19 23 21
18 15 10 17 20 15 13 15 16 18 14 17 13 17 18 22 18 14 16 18 17 17 24 13 22 14 17 15 16 19 18 13 19 16 19 21 18 20 15 16 21 22 14 19 15 17 13 16 15 21 18 17 11 15 22 19 11 16 15 12 21 18 16 19
17 12 12 13 12 12 13 12 13 16 15 18 18 10 15 16 13 14 17 13 14 12 21 12 20 16 14 16 15 16 17 13 17 18 18 17 14 18 16 16 15 19 18 17 22 15 13 13 8 15 17 14 17 14 15 16 12 9 16 14 20 14 15 19
22 18 16 19 20 20 14 18 14 23 20 23 24 16 24 28 19 23 20 24 19 23 29 19 32 18 22 20 19 23 21 20 26 23 26 21 16 20 23 26 21 24 22 24 18 24 15 18 18 23 21 19 21 18 24 22 15 16 22 23 26 19 26 22
15 12 10 14 18 14 11 16 12 15 11 16 12 14 17 19 14 17 17 16 15 14 21 15 21 16 13 16 15 13 12 13 19 19 19 16 8 15 13 18 13 15 18 19 15 18 10 13 14 17 16 14 13 11 19 15 11 11 13 17 15 14 19 11
14 14 13 15 11 11 12 14 8 14 14 15 13 15 16 15 13 15 14 13 10 11 18 14 16 14 15 12 15 16 10 13 15 12 15 17 14 14 15 13 13 10 13 13 13 14 10 10 13 14 15 11 8 12 15 15 13 14 17 14 14 16 12 12
22 16 16 17 19 20 16 14 15 19 17 20 17 18 20 21 18 18 23 21 19 19 26 14 26 17 16 18 22 20 21 20 21 24 25 20 19 20 18 20 20 19 18 21 22 21 16 14 18 17 21 17 17 16 25 24 15 19 17 22 23 20 20 20
15 13 9 15 16 11 13 16 14 15 11 18 16 11 14 19 16 14 16 18 14 12 25 14 21 17 14 16 12 16 15 11 18 15 18 20 15 15 18 16 16 18 17 12 15 17 10 12 12 17 12 13 12 14 20 14 13 12 16 14 17 17 21 16
20 17 12 18 18 17 13 16 13 18 13 19 21 13 15 18 13 18 19 18 19 14 26 16 21 14 18 16 16 18 16 17 20 19 19 15 13 17 17 17 16 21 15 20 18 16 12 14 12 15 12 15 16 13 16 13 13 12 16 17 15 18 17 20
18 14 16 19 16 14 14 18 18 16 14 17 15 14 16 17 15 15 18 17 17 12 23 17 23 18 20 14 23 20 19 15 17 20 21 18 21 18 16 19 19 20 13 18 18 14 9 16 14 17 19 15 12 14 22 19 17 16 18 17 18 16 18 19
11 13 9 9 13 14 10 8 7 11 12 14 11 13 12 13 8 14 12 12 12 10 17 5 16 10 10 14 13 12 12 13 16 13 16 11 10 10 12 12 11 14 13 15 14 9 6 10 13 12 12 11 12 12 10 15 10 13 10 11 15 12 17 15
17 10 10 12 13 10 11 14 11 15 10 10 16 12 13 12 12 10 14 13 15 10 21 11 13 12 13 11 10 15 15 11 19 14 14 13 14 13 18 15 14 19 11 15 14 13 12 12 10 13 12 15 12 12 16 11 12 12 14 10 14 14 16 16
20 16 13 17 17 15 18 18 15 18 18 16 15 15 16 21 20 18 19 19 16 17 24 16 24 19 17 16 19 20 26 17 24 25 23 21 22 16 19 17 23 20 18 24 22 18 15 16 16 20 18 17 21 19 23 23 16 13 19 17 26 21 22 25
12 14 9 14 18 11 11 15 17 14 16 17 18 13 18 16 17 13 14 15 13 13 21 14 17 18 16 13 16 17 14 12 19 17 17 16 13 15 18 14 19 19 15 19 14 15 10 12 13 20 12 13 11 14 18 14 16 14 16 17 15 14 18 14
18 16 14 16 17 15 11 19 15 19 16 18 18 17 19 17 14 17 19 17 15 13 22 16 19 16 17 15 16 20 16 18 21 15 20 18 13 22 18 19 20 20 17 20 16 16 12 18 13 17 16 15 18 14 21 14 15 13 17 16 15 13 17 17
14 14 8 15 13 8 10 10 12 15 14 11 13 10 15 12 13 10 11 15 12 11 19 12 14 10 16 13 13 14 15 9 15 15 16 16 16 12 14 15 14 17 9 13 14 13 12 10 12 13 14 14 9 15 15 15 11 13 12 10 17 12 12 18
19 14 7 15 15 16 13 15 9 16 14 16 17 16 17 19 14 15 16 18 14 14 23 15 23 12 17 12 13 19 18 18 18 17 19 17 15 17 17 12 18 18 19 20 20 17 13 10 11 15 17 13 14 13 17 16 15 12 15 15 22 16 17 19
21 18 12 17 17 17 15 16 16 18 21 24 20 13 18 24 18 16 18 16 21 16 23 16 24 21 19 17 20 22 18 18 19 25 22 18 14 17 18 16 22 21 15 20 19 17 15 14 15 22 13 14 16 18 20 24 14 12 22 18 24 19 19 27
13 13 9 10 15 13 12 13 11 16 13 17 14 11 14 17 12 12 14 15 15 15 14 10 21 14 11 11 9 14 16 14 18 15 16 16 11 15 12 12 14 14 18 17 18 14 13 9 11 17 13 13 15 16 15 15 11 8 15 11 18 17 14 18
18 17 12 14 17 18 14 17 10 22 15 20 20 16 19 20 14 14 17 18 17 18 24 15 24 14 16 16 19 22 19 15 22 21 24 20 15 18 18 17 19 23 16 21 18 19 9 14 17 21 17 19 15 19 25 20 12 17 16 19 22 17 18 21
20 13 12 14 16 18 14 15 12 17 18 18 19 17 18 19 13 14 17 16 13 10 23 16 25 15 18 16 17 21 20 17 20 21 22 19 14 17 16 15 20 17 20 19 20 16 13 12 10 18 16 14 15 14 18 21 12 10 15 17 24 15 17 20
14 16 11 13 18 15 10 12 13 16 12 20 16 13 14 19 13 18 17 18 20 17 23 15 20 12 15 14 17 15 15 16 16 22 18 15 13 16 16 20 16 20 11 18 10 17 12 16 13 19 14 15 15 16 19 17 11 16 16 15 17 13 20 17
15 16 8 13 14 17 12 12 12 15 15 17 12 14 11 17 16 12 17 16 12 13 22 12 20 14 15 13 10 15 18 13 18 14 16 18 10 17 16 14 16 18 16 19 14 15 11 10 11 20 15 12 11 15 20 15 14 13 15 15 19 17 19 16
16 11 14 14 17 11 9 14 13 16 14 17 15 12 17 17 11 13 14 15 19 13 18 13 19 16 16 15 18 18 14 13 18 17 18 12 12 17 17 19 15 20 14 18 15 15 12 16 12 14 16 17 13 13 18 16 12 13 16 13 15 14 17 17
14 11 10 12 13 11 12 10 13 14 15 16 15 9 13 16 11 12 17 11 14 10 19 11 16 14 12 12 13 15 16 15 19 18 19 13 11 14 10 15 17 17 11 15 14 13 8 14 14 14 11 14 13 15 14 13 9 11 13 14 14 12 16 17
